frame 0
circle 200.0 175.0 25.0 0.0
circle 250.0 175.0 25.0 0.0
circle 300.0 175.0 25.0 0.0
circle 350.0 175.0 25.0 0.0
circle 400.0 175.0 25.0 0.0
dot 200.0 425.0 5.0
dot 200.0 175.0 5.0
line 200.0 425.0 200.0 175.0
dot 250.0 425.0 5.0
dot 250.0 175.0 5.0
line 250.0 425.0 250.0 175.0
dot 300.0 425.0 5.0
dot 300.0 175.0 5.0
line 300.0 425.0 300.0 175.0
dot 350.0 425.0 5.0
dot 350.0 175.0 5.0
line 350.0 425.0 350.0 175.0
dot 400.0 425.0 5.0
dot 400.0 175.0 5.0
line 400.0 425.0 400.0 175.0
frame 1
circle 189.2062206469947 175.20783824039572 25.0 0.0
circle 248.80542297985028 175.00014910370146 25.0 0.0
circle 300.0 175.0 25.0 0.0
circle 350.0 175.0 25.0 0.0
circle 400.0 175.0 25.0 0.0
dot 200.0 425.0 5.0
dot 189.2062206469947 175.20783824039572 5.0
line 200.0 425.0 189.2062206469947 175.20783824039572
dot 250.0 425.0 5.0
dot 248.80542297985028 175.00014910370146 5.0
line 250.0 425.0 248.80542297985028 175.00014910370146
dot 300.0 425.0 5.0
dot 300.0 175.0 5.0
line 300.0 425.0 300.0 175.0
dot 350.0 425.0 5.0
dot 350.0 175.0 5.0
line 350.0 425.0 350.0 175.0
dot 400.0 425.0 5.0
dot 400.0 175.0 5.0
line 400.0 425.0 400.0 175.0
frame 2
circle 177.2842295203987 175.9824766394893 25.0 0.0
circle 248.81205276615472 175.0002832071205 25.0 0.0
circle 300.0 175.0 25.0 0.0
circle 350.0 175.0 25.0 0.0
circle 400.0 175.0 25.0 0.0
dot 200.0 425.0 5.0
dot 177.2842295203987 175.9824766394893 5.0
line 200.0 425.0 177.2842295203987 175.9824766394893
dot 250.0 425.0 5.0
dot 248.81205276615472 175.0002832071205 5.0
line 250.0 425.0 248.81205276615472 175.0002832071205
dot 300.0 425.0 5.0
dot 300.0 175.0 5.0
line 300.0 425.0 300.0 175.0
dot 350.0 425.0 5.0
dot 350.0 175.0 5.0
line 350.0 425.0 350.0 175.0
dot 400.0 425.0 5.0
dot 400.0 175.0 5.0
line 400.0 425.0 400.0 175.0
frame 3
circle 165.5037666055653 177.3150565096659 25.0 0.0
circle 248.82334627338335 175.00038532576272 25.0 0.0
circle 300.0 175.0 25.0 0.0
circle 350.0 175.0 25.0 0.0
circle 400.0 175.0 25.0 0.0
dot 200.0 425.0 5.0
dot 165.5037666055653 177.3150565096659 5.0
line 200.0 425.0 165.5037666055653 177.3150565096659
dot 250.0 425.0 5.0
dot 248.82334627338335 175.00038532576272 5.0
line 250.0 425.0 248.82334627338335 175.00038532576272
dot 300.0 425.0 5.0
dot 300.0 175.0 5.0
line 300.0 425.0 300.0 175.0
dot 350.0 425.0 5.0
dot 350.0 175.0 5.0
line 350.0 425.0 350.0 175.0
dot 400.0 425.0 5.0
dot 400.0 175.0 5.0
line 400.0 425.0 400.0 175.0
frame 4
circle 153.93535241181823 179.18116203402522 25.0 0.0
circle 248.8392586984256 175.00045691429278 25.0 0.0
circle 300.0 175.0 25.0 0.0
circle 350.0 175.0 25.0 0.0
circle 400.0 175.0 25.0 0.0
dot 200.0 425.0 5.0
dot 153.93535241181823 179.18116203402522 5.0
line 200.0 425.0 153.93535241181823 179.18116203402522
dot 250.0 425.0 5.0
dot 248.8392586984256 175.00045691429278 5.0
line 250.0 425.0 248.8392586984256 175.00045691429278
dot 300.0 425.0 5.0
dot 300.0 175.0 5.0
line 300.0 425.0 300.0 175.0
dot 350.0 425.0 5.0
dot 350.0 175.0 5.0
line 350.0 425.0 350.0 175.0
dot 400.0 425.0 5.0
dot 400.0 175.0 5.0
line 400.0 425.0 400.0 175.0
frame 5
circle 142.64554220577088 181.5472107533001 25.0 0.0
circle 248.85972710739486 175.0004997190859 25.0 0.0
circle 300.0 175.0 25.0 0.0
circle 350.0 175.0 25.0 0.0
circle 400.0 175.0 25.0 0.0
dot 200.0 425.0 5.0
dot 142.64554220577088 181.5472107533001 5.0
line 200.0 425.0 142.64554220577088 181.5472107533001
dot 250.0 425.0 5.0
dot 248.85972710739486 175.0004997190859 5.0
line 250.0 425.0 248.85972710739486 175.0004997190859
dot 300.0 425.0 5.0
dot 300.0 175.0 5.0
line 300.0 425.0 300.0 175.0
dot 350.0 425.0 5.0
dot 350.0 175.0 5.0
line 350.0 425.0 350.0 175.0
dot 400.0 425.0 5.0
dot 400.0 175.0 5.0
line 400.0 425.0 400.0 175.0
frame 6
circle 131.69581902833693 184.3713214099647 25.0 0.0
circle 248.88467068437112 175.00051576222646 25.0 0.0
circle 300.0 175.0 25.0 0.0
circle 350.0 175.0 25.0 0.0
circle 400.0 175.0 25.0 0.0
dot 200.0 425.0 5.0
dot 131.69581902833693 184.3713214099647 5.0
line 200.0 425.0 131.69581902833693 184.3713214099647
dot 250.0 425.0 5.0
dot 248.88467068437112 175.00051576222646 5.0
line 250.0 425.0 248.88467068437112 175.00051576222646
dot 300.0 425.0 5.0
dot 300.0 175.0 5.0
line 300.0 425.0 300.0 175.0
dot 350.0 425.0 5.0
dot 350.0 175.0 5.0
line 350.0 425.0 350.0 175.0
dot 400.0 425.0 5.0
dot 400.0 175.0 5.0
line 400.0 425.0 400.0 175.0
frame 7
circle 121.14168027989099 187.60436488665945 25.0 0.0
circle 248.91399105030078 175.00050732048172 25.0 0.0
circle 300.0 175.0 25.0 0.0
circle 350.0 175.0 25.0 0.0
circle 400.0 175.0 25.0 0.0
dot 200.0 425.0 5.0
dot 121.14168027989099 187.60436488665945 5.0
line 200.0 425.0 121.14168027989099 187.60436488665945
dot 250.0 425.0 5.0
dot 248.91399105030078 175.00050732048172 5.0
line 250.0 425.0 248.91399105030078 175.00050732048172
dot 300.0 425.0 5.0
dot 300.0 175.0 5.0
line 300.0 425.0 300.0 175.0
dot 350.0 425.0 5.0
dot 350.0 175.0 5.0
line 350.0 425.0 350.0 175.0
dot 400.0 425.0 5.0
dot 400.0 175.0 5.0
line 400.0 425.0 400.0 175.0
frame 8
circle 111.03194545570007 191.19115287992042 25.0 0.0
circle 248.94757265080196 175.00047689962548 25.0 0.0
circle 300.0 175.0 25.0 0.0
circle 350.0 175.0 25.0 0.0
circle 400.0 175.0 25.0 0.0
dot 200.0 425.0 5.0
dot 111.03194545570007 191.19115287992042 5.0
line 200.0 425.0 111.03194545570007 191.19115287992042
dot 250.0 425.0 5.0
dot 248.94757265080196 175.00047689962548 5.0
line 250.0 425.0 248.94757265080196 175.00047689962548
dot 300.0 425.0 5.0
dot 300.0 175.0 5.0
line 300.0 425.0 300.0 175.0
dot 350.0 425.0 5.0
dot 350.0 175.0 5.0
line 350.0 425.0 350.0 175.0
dot 400.0 425.0 5.0
dot 400.0 175.0 5.0
line 400.0 425.0 400.0 175.0
frame 9
circle 101.40830087216256 195.07171562685653 25.0 0.0
circle 248.98528321135143 175.00042720455465 25.0 0.0
circle 300.0 175.0 25.0 0.0
circle 350.0 175.0 25.0 0.0
circle 400.0 175.0 25.0 0.0
dot 200.0 425.0 5.0
dot 101.40830087216256 195.07171562685653 5.0
line 200.0 425.0 101.40830087216256 195.07171562685653
dot 250.0 425.0 5.0
dot 248.98528321135143 175.00042720455465 5.0
line 250.0 425.0 248.98528321135143 175.00042720455465
dot 300.0 425.0 5.0
dot 300.0 175.0 5.0
line 300.0 425.0 300.0 175.0
dot 350.0 425.0 5.0
dot 350.0 175.0 5.0
line 350.0 425.0 350.0 175.0
dot 400.0 425.0 5.0
dot 400.0 175.0 5.0
line 400.0 425.0 400.0 175.0
frame 10
circle 92.30508539381302 199.1826197372187 25.0 0.0
circle 249.02697425806988 175.00036110570744 25.0 0.0
circle 300.0 175.0 25.0 0.0
circle 350.0 175.0 25.0 0.0
circle 400.0 175.0 25.0 0.0
dot 200.0 425.0 5.0
dot 92.30508539381302 199.1826197372187 5.0
line 200.0 425.0 92.30508539381302 199.1826197372187
dot 250.0 425.0 5.0
dot 249.02697425806988 175.00036110570744 5.0
line 250.0 425.0 249.02697425806988 175.00036110570744
dot 300.0 425.0 5.0
dot 300.0 175.0 5.0
line 300.0 425.0 300.0 175.0
dot 350.0 425.0 5.0
dot 350.0 175.0 5.0
line 350.0 425.0 350.0 175.0
dot 400.0 425.0 5.0
dot 400.0 175.0 5.0
line 400.0 425.0 400.0 175.0
frame 11
circle 83.74931005626631 203.45827974974057 25.0 0.0
circle 249.0724817020608 175.0002816023454 25.0 0.0
circle 300.0 175.0 25.0 0.0
circle 350.0 175.0 25.0 0.0
circle 400.0 175.0 25.0 0.0
dot 200.0 425.0 5.0
dot 83.74931005626631 203.45827974974057 5.0
line 200.0 425.0 83.74931005626631 203.45827974974057
dot 250.0 425.0 5.0
dot 249.0724817020608 175.0002816023454 5.0
line 250.0 425.0 249.0724817020608 175.0002816023454
dot 300.0 425.0 5.0
dot 300.0 175.0 5.0
line 300.0 425.0 300.0 175.0
dot 350.0 425.0 5.0
dot 350.0 175.0 5.0
line 350.0 425.0 350.0 175.0
dot 400.0 425.0 5.0
dot 400.0 175.0 5.0
line 400.0 425.0 400.0 175.0
frame 12
circle 75.76089474727219 207.8322219947299 25.0 0.0
circle 249.12162648501226 175.00019178330996 25.0 0.0
circle 300.0 175.0 25.0 0.0
circle 350.0 175.0 25.0 0.0
circle 400.0 175.0 25.0 0.0
dot 200.0 425.0 5.0
dot 75.76089474727219 207.8322219947299 5.0
line 200.0 425.0 75.76089474727219 207.8322219947299
dot 250.0 425.0 5.0
dot 249.12162648501226 175.00019178330996 5.0
line 250.0 425.0 249.12162648501226 175.00019178330996
dot 300.0 425.0 5.0
dot 300.0 175.0 5.0
line 300.0 425.0 300.0 175.0
dot 350.0 425.0 5.0
dot 350.0 175.0 5.0
line 350.0 425.0 350.0 175.0
dot 400.0 425.0 5.0
dot 400.0 175.0 5.0
line 400.0 425.0 400.0 175.0
frame 13
circle 68.35309723645923 212.23826612477288 25.0 0.0
circle 249.17421528352912 175.00009478590073 25.0 0.0
circle 300.0 175.0 25.0 0.0
circle 350.0 175.0 25.0 0.0
circle 400.0 175.0 25.0 0.0
dot 200.0 425.0 5.0
dot 68.35309723645923 212.23826612477288 5.0
line 200.0 425.0 68.35309723645923 212.23826612477288
dot 250.0 425.0 5.0
dot 249.17421528352912 175.00009478590073 5.0
line 250.0 425.0 249.17421528352912 175.00009478590073
dot 300.0 425.0 5.0
dot 300.0 175.0 5.0
line 300.0 425.0 300.0 175.0
dot 350.0 425.0 5.0
dot 350.0 175.0 5.0
line 350.0 425.0 350.0 175.0
dot 400.0 425.0 5.0
dot 400.0 175.0 5.0
line 400.0 425.0 400.0 175.0
frame 14
circle 61.53310410601989 216.6115976182381 25.0 0.0
circle 249.2300412694329 174.99999375355094 25.0 0.0
circle 300.0 175.0 25.0 0.0
circle 350.0 175.0 25.0 0.0
circle 400.0 175.0 25.0 0.0
dot 200.0 425.0 5.0
dot 61.53310410601989 216.6115976182381 5.0
line 200.0 425.0 61.53310410601989 216.6115976182381
dot 250.0 425.0 5.0
dot 249.2300412694329 174.99999375355094 5.0
line 250.0 425.0 249.2300412694329 174.99999375355094
dot 300.0 425.0 5.0
dot 300.0 175.0 5.0
line 300.0 425.0 300.0 175.0
dot 350.0 425.0 5.0
dot 350.0 175.0 5.0
line 350.0 425.0 350.0 175.0
dot 400.0 425.0 5.0
dot 400.0 175.0 5.0
line 400.0 425.0 400.0 175.0
frame 15
circle 55.30274959730151 220.88971300689806 25.0 0.0
circle 249.28888492304498 174.99989179299124 25.0 0.0
circle 300.0 175.0 25.0 0.0
circle 350.0 175.0 25.0 0.0
circle 400.0 175.0 25.0 0.0
dot 200.0 425.0 5.0
dot 55.30274959730151 220.88971300689806 5.0
line 200.0 425.0 55.30274959730151 220.88971300689806
dot 250.0 425.0 5.0
dot 249.28888492304498 174.99989179299124 5.0
line 250.0 425.0 249.28888492304498 174.99989179299124
dot 300.0 425.0 5.0
dot 300.0 175.0 5.0
line 300.0 425.0 300.0 175.0
dot 350.0 425.0 5.0
dot 350.0 175.0 5.0
line 350.0 425.0 350.0 175.0
dot 400.0 425.0 5.0
dot 400.0 175.0 5.0
line 400.0 425.0 400.0 175.0
frame 16
circle 49.6593269402099 225.01322792343376 25.0 0.0
circle 249.3505148962619 174.99979193160073 25.0 0.0
circle 300.0 175.0 25.0 0.0
circle 350.0 175.0 25.0 0.0
circle 400.0 175.0 25.0 0.0
dot 200.0 425.0 5.0
dot 49.6593269402099 225.01322792343376 5.0
line 200.0 425.0 49.6593269402099 225.01322792343376
dot 250.0 425.0 5.0
dot 249.3505148962619 174.99979193160073 5.0
line 250.0 425.0 249.3505148962619 174.99979193160073
dot 300.0 425.0 5.0
dot 300.0 175.0 5.0
line 300.0 425.0 300.0 175.0
dot 350.0 425.0 5.0
dot 350.0 175.0 5.0
line 350.0 425.0 350.0 175.0
dot 400.0 425.0 5.0
dot 400.0 175.0 5.0
line 400.0 425.0 400.0 175.0
frame 17
circle 44.59645712106371 228.92654579713385 25.0 0.0
circle 249.4146889220337 174.99969707563832 25.0 0.0
circle 300.0 175.0 25.0 0.0
circle 350.0 175.0 25.0 0.0
circle 400.0 175.0 25.0 0.0
dot 200.0 425.0 5.0
dot 44.59645712106371 228.92654579713385 5.0
line 200.0 425.0 44.59645712106371 228.92654579713385
dot 250.0 425.0 5.0
dot 249.4146889220337 174.99969707563832 5.0
line 250.0 425.0 249.4146889220337 174.99969707563832
dot 300.0 425.0 5.0
dot 300.0 175.0 5.0
line 300.0 425.0 300.0 175.0
dot 350.0 425.0 5.0
dot 350.0 175.0 5.0
line 350.0 425.0 350.0 175.0
dot 400.0 425.0 5.0
dot 400.0 175.0 5.0
line 400.0 425.0 400.0 175.0
frame 18
circle 40.1049819233634 232.5783917588267 25.0 0.0
circle 249.48115476667266 174.9996099700326 25.0 0.0
circle 300.0 175.0 25.0 0.0
circle 350.0 175.0 25.0 0.0
circle 400.0 175.0 25.0 0.0
dot 200.0 425.0 5.0
dot 40.1049819233634 232.5783917588267 5.0
line 200.0 425.0 40.1049819233634 232.5783917588267
dot 250.0 425.0 5.0
dot 249.48115476667266 174.9996099700326 5.0
line 250.0 425.0 249.48115476667266 174.9996099700326
dot 300.0 425.0 5.0
dot 300.0 175.0 5.0
line 300.0 425.0 300.0 175.0
dot 350.0 425.0 5.0
dot 350.0 175.0 5.0
line 350.0 425.0 350.0 175.0
dot 400.0 425.0 5.0
dot 400.0 175.0 5.0
line 400.0 425.0 400.0 175.0
frame 19
circle 36.173851051106496 235.92222179155814 25.0 0.0
circle 249.5496512212524 174.99953316038193 25.0 0.0
circle 300.0 175.0 25.0 0.0
circle 350.0 175.0 25.0 0.0
circle 400.0 175.0 25.0 0.0
dot 200.0 425.0 5.0
dot 36.173851051106496 235.92222179155814 5.0
line 200.0 425.0 36.173851051106496 235.92222179155814
dot 250.0 425.0 5.0
dot 249.5496512212524 174.99953316038193 5.0
line 250.0 425.0 249.5496512212524 174.99953316038193
dot 300.0 425.0 5.0
dot 300.0 175.0 5.0
line 300.0 425.0 300.0 175.0
dot 350.0 425.0 5.0
dot 350.0 175.0 5.0
line 350.0 425.0 350.0 175.0
dot 400.0 425.0 5.0
dot 400.0 175.0 5.0
line 400.0 425.0 400.0 175.0
frame 20
circle 32.790976817758576 238.91652124905414 25.0 0.0
circle 249.61990912819877 174.9994689577815 25.0 0.0
circle 300.0 175.0 25.0 0.0
circle 350.0 175.0 25.0 0.0
circle 400.0 175.0 25.0 0.0
dot 200.0 425.0 5.0
dot 32.790976817758576 238.91652124905414 5.0
line 200.0 425.0 32.790976817758576 238.91652124905414
dot 250.0 425.0 5.0
dot 249.61990912819877 174.9994689577815 5.0
line 250.0 425.0 249.61990912819877 174.9994689577815
dot 300.0 425.0 5.0
dot 300.0 175.0 5.0
line 300.0 425.0 300.0 175.0
dot 350.0 425.0 5.0
dot 350.0 175.0 5.0
line 350.0 425.0 350.0 175.0
dot 400.0 425.0 5.0
dot 400.0 175.0 5.0
line 400.0 425.0 400.0 175.0
frame 21
circle 29.94403388824533 241.5250095354194 25.0 0.0
circle 249.6916524390388 174.9994194070467 25.0 0.0
circle 300.0 175.0 25.0 0.0
circle 350.0 175.0 25.0 0.0
circle 400.0 175.0 25.0 0.0
dot 200.0 425.0 5.0
dot 29.94403388824533 241.5250095354194 5.0
line 200.0 425.0 29.94403388824533 241.5250095354194
dot 250.0 425.0 5.0
dot 249.6916524390388 174.9994194070467 5.0
line 250.0 425.0 249.6916524390388 174.9994194070467
dot 300.0 425.0 5.0
dot 300.0 175.0 5.0
line 300.0 425.0 300.0 175.0
dot 350.0 425.0 5.0
dot 350.0 175.0 5.0
line 350.0 425.0 350.0 175.0
dot 400.0 425.0 5.0
dot 400.0 175.0 5.0
line 400.0 425.0 400.0 175.0
frame 22
circle 27.621185584417766 243.7167690587293 25.0 0.0
circle 249.76459929914654 174.99938625884903 25.0 0.0
circle 300.0 175.0 25.0 0.0
circle 350.0 175.0 25.0 0.0
circle 400.0 175.0 25.0 0.0
dot 200.0 425.0 5.0
dot 27.621185584417766 243.7167690587293 5.0
line 200.0 425.0 27.621185584417766 243.7167690587293
dot 250.0 425.0 5.0
dot 249.76459929914654 174.99938625884903 5.0
line 250.0 425.0 249.76459929914654 174.99938625884903
dot 300.0 425.0 5.0
dot 300.0 175.0 5.0
line 300.0 425.0 300.0 175.0
dot 350.0 425.0 5.0
dot 350.0 175.0 5.0
line 350.0 425.0 350.0 175.0
dot 400.0 425.0 5.0
dot 400.0 175.0 5.0
line 400.0 425.0 400.0 175.0
frame 23
circle 25.81172206516653 245.46631666143523 25.0 0.0
circle 249.83846315522007 174.99937094621777 25.0 0.0
circle 300.0 175.0 25.0 0.0
circle 350.0 175.0 25.0 0.0
circle 400.0 175.0 25.0 0.0
dot 200.0 425.0 5.0
dot 25.81172206516653 245.46631666143523 5.0
line 200.0 425.0 25.81172206516653 245.46631666143523
dot 250.0 425.0 5.0
dot 249.83846315522007 174.99937094621777 5.0
line 250.0 425.0 249.83846315522007 174.99937094621777
dot 300.0 425.0 5.0
dot 300.0 175.0 5.0
line 300.0 425.0 300.0 175.0
dot 350.0 425.0 5.0
dot 350.0 175.0 5.0
line 350.0 425.0 350.0 175.0
dot 400.0 425.0 5.0
dot 400.0 175.0 5.0
line 400.0 425.0 400.0 175.0
frame 24
circle 24.50659910652809 246.75363475280602 25.0 0.0
circle 249.91295388113227 174.99937456579008 25.0 0.0
circle 300.0 175.0 25.0 0.0
circle 350.0 175.0 25.0 0.0
circle 400.0 175.0 25.0 0.0
dot 200.0 425.0 5.0
dot 24.50659910652809 246.75363475280602 5.0
line 200.0 425.0 24.50659910652809 246.75363475280602
dot 250.0 425.0 5.0
dot 249.91295388113227 174.99937456579008 5.0
line 250.0 425.0 249.91295388113227 174.99937456579008
dot 300.0 425.0 5.0
dot 300.0 175.0 5.0
line 300.0 425.0 300.0 175.0
dot 350.0 425.0 5.0
dot 350.0 175.0 5.0
line 350.0 425.0 350.0 175.0
dot 400.0 425.0 5.0
dot 400.0 175.0 5.0
line 400.0 425.0 400.0 175.0
frame 25
circle 23.69886914650713 247.56417750146758 25.0 0.0
circle 249.98777891772517 174.9993978641186 25.0 0.0
circle 300.0 175.0 25.0 0.0
circle 350.0 175.0 25.0 0.0
circle 400.0 175.0 25.0 0.0
dot 200.0 425.0 5.0
dot 23.69886914650713 247.56417750146758 5.0
line 200.0 425.0 23.69886914650713 247.56417750146758
dot 250.0 425.0 5.0
dot 249.98777891772517 174.9993978641186 5.0
line 250.0 425.0 249.98777891772517 174.9993978641186
dot 300.0 425.0 5.0
dot 300.0 175.0 5.0
line 300.0 425.0 300.0 175.0
dot 350.0 425.0 5.0
dot 350.0 175.0 5.0
line 350.0 425.0 350.0 175.0
dot 400.0 425.0 5.0
dot 400.0 175.0 5.0
line 400.0 425.0 400.0 175.0
frame 26
circle 23.383998705281908 247.88886487016944 25.0 0.0
circle 250.00275443228466 174.99943427285763 25.0 -1.6460475720282762e-18
circle 300.00748213624195 175.0000000046327 25.0 -1.645985401725829e-18
circle 350.00748389941816 175.0000000040102 25.0 0.0
circle 400.0449239544012 175.00000337411547 25.0 0.0
dot 200.0 425.0 5.0
dot 23.383998705281908 247.88886487016944 5.0
line 200.0 425.0 23.383998705281908 247.88886487016944
dot 250.0 425.0 5.0
dot 250.00275443228466 174.99943427285763 5.0
line 250.0 425.0 250.00275443228466 174.99943427285763
dot 300.0 425.0 5.0
dot 300.00748213624195 175.0000000046327 5.0
line 300.0 425.0 300.00748213624195 175.0000000046327
dot 350.0 425.0 5.0
dot 350.00748389941816 175.0000000040102 5.0
line 350.0 425.0 350.00748389941816 175.0000000040102
dot 400.0 425.0 5.0
dot 400.0449239544012 175.00000337411547 5.0
line 400.0 425.0 400.0449239544012 175.00000337411547
frame 27
circle 23.56006828495279 247.72407416313533 25.0 0.0
circle 250.0027399986364 174.99946892985918 25.0 -3.703420933319347e-18
circle 300.0074465065321 175.0000000101438 25.0 -3.703281057167875e-18
circle 350.0074512038251 175.00000000964985 25.0 0.0
circle 400.1196187136403 175.00002691093752 25.0 0.0
dot 200.0 425.0 5.0
dot 23.56006828495279 247.72407416313533 5.0
line 200.0 425.0 23.56006828495279 247.72407416313533
dot 250.0 425.0 5.0
dot 250.0027399986364 174.99946892985918 5.0
line 250.0 425.0 250.0027399986364 174.99946892985918
dot 300.0 425.0 5.0
dot 300.0074465065321 175.0000000101438 5.0
line 300.0 425.0 300.0074465065321 175.0000000101438
dot 350.0 425.0 5.0
dot 350.0074512038251 175.00000000964985 5.0
line 350.0 425.0 350.0074512038251 175.00000000964985
dot 400.0 425.0 5.0
dot 400.1196187136403 175.00002691093752 5.0
line 400.0 425.0 400.1196187136403 175.00002691093752
frame 28
circle 24.227852482723343 247.07163526924046 25.0 0.0
circle 250.00271480774413 174.9995014636599 25.0 -5.760587532068186e-18
circle 300.00738164132537 175.00000001439162 25.0 -5.760369957876996e-18
circle 350.00738925399605 175.0000000140215 25.0 0.0
circle 400.19383626679746 175.00007247235854 25.0 0.0
dot 200.0 425.0 5.0
dot 24.227852482723343 247.07163526924046 5.0
line 200.0 425.0 24.227852482723343 247.07163526924046
dot 250.0 425.0 5.0
dot 250.00271480774413 174.9995014636599 5.0
line 250.0 425.0 250.00271480774413 174.9995014636599
dot 300.0 425.0 5.0
dot 300.00738164132537 175.00000001439162 5.0
line 300.0 425.0 300.00738164132537 175.00000001439162
dot 350.0 425.0 5.0
dot 350.00738925399605 175.0000000140215 5.0
line 350.0 425.0 350.00738925399605 175.0000000140215
dot 400.0 425.0 5.0
dot 400.19383626679746 175.00007247235854 5.0
line 400.0 425.0 400.19383626679746 175.00007247235854
frame 29
circle 25.39077944084861 245.9388320697022 25.0 0.0
circle 250.00267895959888 174.9995320043234 25.0 -7.81754738905408e-18
circle 300.0072877982562 175.00000001743086 25.0 -7.817252124631693e-18
circle 350.0072982961202 175.0000000171788 25.0 0.0
circle 400.26728523679503 175.00013932517072 25.0 0.0
dot 200.0 425.0 5.0
dot 25.39077944084861 245.9388320697022 5.0
line 200.0 425.0 25.39077944084861 245.9388320697022
dot 250.0 425.0 5.0
dot 250.00267895959888 174.9995320043234 5.0
line 250.0 425.0 250.00267895959888 174.9995320043234
dot 300.0 425.0 5.0
dot 300.0072877982562 175.00000001743086 5.0
line 300.0 425.0 300.0072877982562 175.00000001743086
dot 350.0 425.0 5.0
dot 350.0072982961202 175.0000000171788 5.0
line 350.0 425.0 350.0072982961202 175.0000000171788
dot 400.0 425.0 5.0
dot 400.26728523679503 175.00013932517072 5.0
line 400.0 425.0 400.26728523679503 175.00013932517072
frame 30
circle 27.054770050936682 244.3384086756144 25.0 0.0
circle 250.00263259602815 174.9995606739478 25.0 -9.874300525054223e-18
circle 300.0071653487165 175.00000001932779 25.0 -9.873927578208378e-18
circle 350.0071786902634 175.00000001918656 25.0 0.0
circle 400.33967729437603 175.00022640296638 25.0 0.0
dot 200.0 425.0 5.0
dot 27.054770050936682 244.3384086756144 5.0
line 200.0 425.0 27.054770050936682 244.3384086756144
dot 250.0 425.0 5.0
dot 250.00263259602815 174.9995606739478 5.0
line 250.0 425.0 250.00263259602815 174.9995606739478
dot 300.0 425.0 5.0
dot 300.0071653487165 175.00000001932779 5.0
line 300.0 425.0 300.0071653487165 175.00000001932779
dot 350.0 425.0 5.0
dot 350.0071786902634 175.00000001918656 5.0
line 350.0 425.0 350.0071786902634 175.00000001918656
dot 400.0 425.0 5.0
dot 400.33967729437603 175.00022640296638 5.0
line 400.0 425.0 400.33967729437603 175.00022640296638
frame 31
circle 29.227958682727756 242.2885754034832 25.0 0.0
circle 250.00257590013447 174.9995875871534 25.0 -1.1930846960843727e-17
circle 300.0070147763852 175.0000000201595 25.0 -1.1930396339381375e-17
circle 350.00703090894297 175.00000002012098 25.0 0.0
circle 400.4107282901558 175.00033232289329 25.0 0.0
dot 200.0 425.0 5.0
dot 29.227958682727756 242.2885754034832 5.0
line 200.0 425.0 29.227958682727756 242.2885754034832
dot 250.0 425.0 5.0
dot 250.00257590013447 174.9995875871534 5.0
line 250.0 425.0 250.00257590013447 174.9995875871534
dot 300.0 425.0 5.0
dot 300.0070147763852 175.0000000201595 5.0
line 300.0 425.0 300.0070147763852 175.0000000201595
dot 350.0 425.0 5.0
dot 350.00703090894297 175.00000002012098 5.0
line 350.0 425.0 350.00703090894297 175.00000002012098
dot 400.0 425.0 5.0
dot 400.4107282901558 175.00033232289329 5.0
line 400.0 425.0 400.4107282901558 175.00033232289329
frame 32
circle 31.920298766958314 239.8130058236982 25.0 0.0
circle 250.0025090955725 174.999612851541 25.0 -1.3987186717195613e-17
circle 300.0068366753183 175.00000002001323 25.0 -1.3986658428922926e-17
circle 350.00685553526114 175.0000000200683 25.0 0.0
circle 400.4801593701147 175.0004554073749 25.0 0.0
dot 200.0 425.0 5.0
dot 31.920298766958314 239.8130058236982 5.0
line 200.0 425.0 31.920298766958314 239.8130058236982
dot 250.0 425.0 5.0
dot 250.0025090955725 174.999612851541 5.0
line 250.0 425.0 250.0025090955725 174.999612851541
dot 300.0 425.0 5.0
dot 300.0068366753183 175.00000002001323 5.0
line 300.0 425.0 300.0068366753183 175.00000002001323
dot 350.0 425.0 5.0
dot 350.00685553526114 175.0000000200683 5.0
line 350.0 425.0 350.00685553526114 175.0000000200683
dot 400.0 425.0 5.0
dot 400.4801593701147 175.0004554073749 5.0
line 400.0 425.0 400.4801593701147 175.0004554073749
frame 33
circle 35.14305845888574 236.94081297403957 25.0 0.0
circle 250.00243244566664 174.9996365681217 25.0 -1.6043319814880817e-17
circle 300.00663174760524 175.0000000189855 25.0 -1.6042713867603177e-17
circle 350.0066532606044 175.0000000191242 25.0 0.0
circle 400.5476980701495 175.00059371045253 25.0 0.0
dot 200.0 425.0 5.0
dot 35.14305845888574 236.94081297403957 5.0
line 200.0 425.0 35.14305845888574 236.94081297403957
dot 250.0 425.0 5.0
dot 250.00243244566664 174.9996365681217 5.0
line 250.0 425.0 250.00243244566664 174.9996365681217
dot 300.0 425.0 5.0
dot 300.00663174760524 175.0000000189855 5.0
line 300.0 425.0 300.00663174760524 175.0000000189855
dot 350.0 425.0 5.0
dot 350.0066532606044 175.0000000191242 5.0
line 350.0 425.0 350.0066532606044 175.0000000191242
dot 400.0 425.0 5.0
dot 400.5476980701495 175.00059371045253 5.0
line 400.0 425.0 400.5476980701495 175.00059371045253
frame 34
circle 38.90821394255617 233.70649007694928 25.0 0.0
circle 250.00234625237326 174.99965883172075 25.0 -1.8099246274668184e-17
circle 300.0064008006008 175.00000001718084 25.0 -1.8098562676190192e-17
circle 350.0064248819179 175.00000001739238 25.0 0.0
circle 400.6130793853805 175.00074504833603 25.0 0.0
dot 200.0 425.0 5.0
dot 38.90821394255617 233.70649007694928 5.0
line 200.0 425.0 38.90821394255617 233.70649007694928
dot 250.0 425.0 5.0
dot 250.00234625237326 174.99965883172075 5.0
line 250.0 425.0 250.00234625237326 174.99965883172075
dot 300.0 425.0 5.0
dot 300.0064008006008 175.00000001718084 5.0
line 300.0 425.0 300.0064008006008 175.00000001718084
dot 350.0 425.0 5.0
dot 350.0064248819179 175.00000001739238 5.0
line 350.0 425.0 350.0064248819179 175.00000001739238
dot 400.0 425.0 5.0
dot 400.6130793853805 175.00074504833603 5.0
line 400.0 425.0 400.6130793853805 175.00074504833603
frame 35
circle 43.227750760284394 230.14979900775327 25.0 0.0
circle 250.00225085509103 174.99967973135597 25.0 -2.015496611732447e-17
circle 300.0061447437447 175.00000001471048 25.0 -2.0154204875449934e-17
circle 350.00617129856516 175.0000000149835 25.0 0.0
circle 400.6760468100152 175.00090703368144 25.0 0.0
dot 200.0 425.0 5.0
dot 43.227750760284394 230.14979900775327 5.0
line 200.0 425.0 43.227750760284394 230.14979900775327
dot 250.0 425.0 5.0
dot 250.00225085509103 174.99967973135597 5.0
line 250.0 425.0 250.00225085509103 174.99967973135597
dot 300.0 425.0 5.0
dot 300.0061447437447 175.00000001471048 5.0
line 300.0 425.0 300.0061447437447 175.00000001471048
dot 350.0 425.0 5.0
dot 350.00617129856516 175.0000000149835 5.0
line 350.0 425.0 350.00617129856516 175.0000000149835
dot 400.0 425.0 5.0
dot 400.6760468100152 175.00090703368144 5.0
line 400.0 425.0 400.6760468100152 175.00090703368144
frame 36
circle 48.11288686421016 226.315588513277 25.0 0.0
circle 250.00214662932467 174.99969935059383 25.0 -2.2210479363614353e-17
circle 300.0058645849804 175.0000000116911 25.0 -2.22096404861463e-17
circle 350.0058935087868 175.00000001201374 25.0 0.0
circle 400.7363533436862 175.00107711305836 25.0 0.0
dot 200.0 425.0 5.0
dot 48.11288686421016 226.315588513277 5.0
line 200.0 425.0 48.11288686421016 226.315588513277
dot 250.0 425.0 5.0
dot 250.00214662932467 174.99969935059383 5.0
line 250.0 425.0 250.00214662932467 174.99969935059383
dot 300.0 425.0 5.0
dot 300.0058645849804 175.0000000116911 5.0
line 300.0 425.0 300.0058645849804 175.0000000116911
dot 350.0 425.0 5.0
dot 350.0058935087868 175.00000001201374 5.0
line 350.0 425.0 350.0058935087868 175.00000001201374
dot 400.0 425.0 5.0
dot 400.7363533436862 175.00107711305836 5.0
line 400.0 425.0 400.7363533436862 175.00107711305836
frame 37
circle 53.57323481637667 222.253523959035 25.0 0.0
circle 250.0020339852066 174.99971776788294 25.0 -2.4265786034300412e-17
circle 300.00556142678744 175.00000000824303 25.0 -2.4264869529041085e-17
circle 350.0055926057709 175.00000000860325 25.0 0.0
circle 400.7937624603146 175.00125260701665 25.0 0.0
dot 200.0 425.0 5.0
dot 53.57323481637667 222.253523959035 5.0
line 200.0 425.0 53.57323481637667 222.253523959035
dot 250.0 425.0 5.0
dot 250.0020339852066 174.99971776788294 5.0
line 250.0 425.0 250.0020339852066 174.99971776788294
dot 300.0 425.0 5.0
dot 300.00556142678744 175.00000000824303 5.0
line 300.0 425.0 300.00556142678744 175.00000000824303
dot 350.0 425.0 5.0
dot 350.0055926057709 175.00000000860325 5.0
line 350.0 425.0 350.0055926057709 175.00000000860325
dot 400.0 425.0 5.0
dot 400.7937624603146 175.00125260701665 5.0
line 400.0 425.0 400.7937624603146 175.00125260701665
frame 38
circle 59.615924564244 218.01771135740557 25.0 0.0
circle 250.0019133658833 174.99973505686745 25.0 -2.6320886150143148e-17
circle 300.00523646184297 175.00000000448912 25.0 -2.6319892024894015e-17
circle 350.005269773351 175.00000000487452 25.0 0.0
circle 400.84804903570097 175.00143075212478 25.0 0.0
dot 200.0 425.0 5.0
dot 59.615924564244 218.01771135740557 5.0
line 200.0 425.0 59.615924564244 218.01771135740557
dot 250.0 425.0 5.0
dot 250.0019133658833 174.99973505686745 5.0
line 250.0 425.0 250.0019133658833 174.99973505686745
dot 300.0 425.0 5.0
dot 300.00523646184297 175.00000000448912 5.0
line 300.0 425.0 300.00523646184297 175.00000000448912
dot 350.0 425.0 5.0
dot 350.005269773351 175.00000000487452 5.0
line 350.0 425.0 350.005269773351 175.00000000487452
dot 400.0 425.0 5.0
dot 400.84804903570097 175.00143075212478 5.0
line 400.0 425.0 400.84804903570097 175.00143075212478
frame 39
circle 66.24471226564869 213.6662007347989 25.0 0.0
circle 250.00178524577197 174.99975128668112 25.0 -2.837577973190098e-17
circle 300.0048909683294 175.0000000005525 25.0 -2.8374707994462714e-17
circle 350.00492628134856 175.00000000095082 25.0 0.0
circle 400.89900023020624 175.00160874431845 25.0 0.0
dot 200.0 425.0 5.0
dot 66.24471226564869 213.6662007347989 5.0
line 200.0 425.0 66.24471226564869 213.6662007347989
dot 250.0 425.0 5.0
dot 250.00178524577197 174.99975128668112 5.0
line 250.0 425.0 250.00178524577197 174.99975128668112
dot 300.0 425.0 5.0
dot 300.0048909683294 175.0000000005525 5.0
line 300.0 425.0 300.0048909683294 175.0000000005525
dot 350.0 425.0 5.0
dot 350.00492628134856 175.00000000095082 5.0
line 350.0 425.0 350.00492628134856 175.00000000095082
dot 400.0 425.0 5.0
dot 400.89900023020624 175.00160874431845 5.0
line 400.0 425.0 400.89900023020624 175.00160874431845
frame 40
circle 73.45910443325846 209.26035761219035 25.0 0.0
circle 250.00165012869437 174.9997665222235 25.0 -3.043046680033023e-17
circle 300.0045263049074 174.99999999655537 25.0 -3.0429317458502726e-17
circle 350.004563480578 174.9999999969545 25.0 0.0
circle 400.9464163230683 175.0017837828796 25.0 0.0
dot 200.0 425.0 5.0
dot 73.45910443325846 209.26035761219035 5.0
line 200.0 425.0 73.45910443325846 209.26035761219035
dot 250.0 425.0 5.0
dot 250.00165012869437 174.9997665222235 5.0
line 250.0 425.0 250.00165012869437 174.9997665222235
dot 300.0 425.0 5.0
dot 300.0045263049074 174.99999999655537 5.0
line 300.0 425.0 300.0045263049074 174.99999999655537
dot 350.0 425.0 5.0
dot 350.004563480578 174.9999999969545 5.0
line 350.0 425.0 350.004563480578 174.9999999969545
dot 400.0 425.0 5.0
dot 400.9464163230683 175.0017837828796 5.0
line 400.0 425.0 400.9464163230683 175.0017837828796
frame 41
circle 81.25352985571081 204.86409649847755 25.0 0.0
circle 250.00150854589577 174.999780824419 25.0 -3.2484947376185134e-17
circle 300.0041439053724 174.99999999261706 25.0 -3.24837204377675e-17
circle 350.00418279753524 174.99999999300528 25.0 0.0
circle 400.9901114950885 175.00195311435573 25.0 0.0
dot 200.0 425.0 5.0
dot 81.25352985571081 204.86409649847755 5.0
line 200.0 425.0 81.25352985571081 204.86409649847755
dot 250.0 425.0 5.0
dot 250.00150854589577 174.999780824419 5.0
line 250.0 425.0 250.00150854589577 174.999780824419
dot 300.0 425.0 5.0
dot 300.0041439053724 174.99999999261706 5.0
line 300.0 425.0 300.0041439053724 174.99999999261706
dot 350.0 425.0 5.0
dot 350.00418279753524 174.99999999300528 5.0
line 350.0 425.0 350.00418279753524 174.99999999300528
dot 400.0 425.0 5.0
dot 400.9901114950885 175.00195311435573 5.0
line 400.0 425.0 400.9901114950885 175.00195311435573
frame 42
circle 89.6165939360782 200.54297672306282 25.0 0.0
circle 250.0013610539561 174.99979425046027 25.0 -3.4539221480217846e-17
circle 300.00374527301767 174.99999998885258 25.0 -3.453791695300841e-17
circle 350.00378572878833 174.99999998921862 25.0 0.0
circle 401.02991455662635 175.00211407572934 25.0 0.0
dot 200.0 425.0 5.0
dot 89.6165939360782 200.54297672306282 5.0
line 200.0 425.0 89.6165939360782 200.54297672306282
dot 250.0 425.0 5.0
dot 250.0013610539561 174.99979425046027 5.0
line 250.0 425.0 250.0013610539561 174.99979425046027
dot 300.0 425.0 5.0
dot 300.00374527301767 174.99999998885258 5.0
line 300.0 425.0 300.00374527301767 174.99999998885258
dot 350.0 425.0 5.0
dot 350.00378572878833 174.99999998921862 5.0
line 350.0 425.0 350.00378572878833 174.99999998921862
dot 400.0 425.0 5.0
dot 401.02991455662635 175.00211407572934 5.0
line 400.0 425.0 401.02991455662635 175.00211407572934
frame 43
circle 98.53045086950699 196.36316843327023 25.0 0.0
circle 250.00120823260204 174.99980685403636 25.0 -3.659328913317844e-17
circle 300.00333197472435 174.99999998537078 25.0 -3.659190702497475e-17
circle 350.00337383509395 174.99999998570405 25.0 0.0
circle 401.0656696180591 175.00226413616164 25.0 0.0
dot 200.0 425.0 5.0
dot 98.53045086950699 196.36316843327023 5.0
line 200.0 425.0 98.53045086950699 196.36316843327023
dot 250.0 425.0 5.0
dot 250.00120823260204 174.99980685403636 5.0
line 250.0 425.0 250.00120823260204 174.99980685403636
dot 300.0 425.0 5.0
dot 300.00333197472435 174.99999998537078 5.0
line 300.0 425.0 300.00333197472435 174.99999998537078
dot 350.0 425.0 5.0
dot 350.00337383509395 174.99999998570405 5.0
line 350.0 425.0 350.00337383509395 174.99999998570405
dot 400.0 425.0 5.0
dot 401.0656696180591 175.00226413616164 5.0
line 400.0 425.0 401.0656696180591 175.00226413616164
frame 44
circle 107.97032810013951 192.39030479331277 25.0 0.0
circle 250.00105068242837 174.99981868554727 25.0 -3.8647150355814896e-17
circle 300.0029056348025 174.99999998227315 25.0 -3.86456906744137e-17
circle 350.0029487352632 174.99999998256385 25.0 0.0
circle 401.0972367000871 175.0024009366549 25.0 0.0
dot 200.0 425.0 5.0
dot 107.97032810013951 192.39030479331277 5.0
line 200.0 425.0 107.97032810013951 192.39030479331277
dot 250.0 425.0 5.0
dot 250.00105068242837 174.99981868554727 5.0
line 250.0 425.0 250.00105068242837 174.99981868554727
dot 300.0 425.0 5.0
dot 300.0029056348025 174.99999998227315 5.0
line 300.0 425.0 300.0029056348025 174.99999998227315
dot 350.0 425.0 5.0
dot 350.0029487352632 174.99999998256385 5.0
line 350.0 425.0 350.0029487352632 174.99999998256385
dot 400.0 425.0 5.0
dot 401.0972367000871 175.0024009366549 5.0
line 400.0 425.0 401.0972367000871 175.0024009366549
frame 45
circle 117.90423447684145 188.68824485910693 25.0 0.0
circle 250.0008890225375 174.99982979230504 25.0 -4.0700805168873115e-17
circle 300.0024679286078 174.99999997965216 25.0 -4.069926792207039e-17
circle 350.0025120997988 174.99999997989136 25.0 0.0
circle 401.1244922815048 175.00252232701155 25.0 0.0
dot 200.0 425.0 5.0
dot 117.90423447684145 188.68824485910693 5.0
line 200.0 425.0 117.90423447684145 188.68824485910693
dot 250.0 425.0 5.0
dot 250.0008890225375 174.99982979230504 5.0
line 250.0 425.0 250.0008890225375 174.99982979230504
dot 300.0 425.0 5.0
dot 300.0024679286078 174.99999997965216 5.0
line 300.0 425.0 300.0024679286078 174.99999997965216
dot 350.0 425.0 5.0
dot 350.0025120997988 174.99999997989136 5.0
line 350.0 425.0 350.0025120997988 174.99999997989136
dot 400.0 425.0 5.0
dot 401.1244922815048 175.00252232701155 5.0
line 400.0 425.0 401.1244922815048 175.00252232701155
frame 46
circle 128.2928783237527 185.31777967924916 25.0 0.0
circle 250.00072388810688 174.99984021872282 25.0 -4.275425359309692e-17
circle 300.0020205759577 174.99999997759005 25.0 -4.275263878868785e-17
circle 350.0020656443309 174.99999997777013 25.0 0.0
circle 401.14732978230165 175.00262639951094 25.0 0.0
dot 200.0 425.0 5.0
dot 128.2928783237527 185.31777967924916 5.0
line 200.0 425.0 128.2928783237527 185.31777967924916
dot 250.0 425.0 5.0
dot 250.00072388810688 174.99984021872282 5.0
line 250.0 425.0 250.00072388810688 174.99984021872282
dot 300.0 425.0 5.0
dot 300.0020205759577 174.99999997759005 5.0
line 300.0 425.0 300.0020205759577 174.99999997759005
dot 350.0 425.0 5.0
dot 350.0020656443309 174.99999997777013 5.0
line 350.0 425.0 350.0020656443309 174.99999997777013
dot 400.0 425.0 5.0
dot 401.14732978230165 175.00262639951094 5.0
line 400.0 425.0 401.14732978230165 175.00262639951094
frame 47
circle 139.08981428386866 182.33532123630377 25.0 0.0
circle 250.00055592789303 174.99985000649218 25.0 -4.480749564922801e-17
circle 300.0015653343738 174.99999997615785 25.0 -4.480580329500703e-17
circle 350.001611122876 174.99999997627216 25.0 0.0
circle 401.1656599802114 175.0027115187762 25.0 0.0
dot 200.0 425.0 5.0
dot 139.08981428386866 182.33532123630377 5.0
line 200.0 425.0 139.08981428386866 182.33532123630377
dot 250.0 425.0 5.0
dot 250.00055592789303 174.99985000649218 5.0
line 250.0 425.0 250.00055592789303 174.99985000649218
dot 300.0 425.0 5.0
dot 300.0015653343738 174.99999997615785 5.0
line 300.0 425.0 300.0015653343738 174.99999997615785
dot 350.0 425.0 5.0
dot 350.001611122876 174.99999997627216 5.0
line 350.0 425.0 350.001611122876 174.99999997627216
dot 400.0 425.0 5.0
dot 401.1656599802114 175.0027115187762 5.0
line 400.0 425.0 401.1656599802114 175.0027115187762
frame 48
circle 150.24182851050253 179.79161923697143 25.0 0.0
circle 250.00038580168314 174.99985919474946 25.0 -4.686053135800605e-17
circle 300.0011039921779 174.99999997541428 25.0 -4.6858761461766776e-17
circle 350.0011503209457 174.99999997545748 25.0 0.0
circle 401.17941135908995 175.0027763473625 25.0 0.0
dot 200.0 425.0 5.0
dot 150.24182851050253 179.79161923697143 5.0
line 200.0 425.0 150.24182851050253 179.79161923697143
dot 250.0 425.0 5.0
dot 250.00038580168314 174.99985919474946 5.0
line 250.0 425.0 250.00038580168314 174.99985919474946
dot 300.0 425.0 5.0
dot 300.0011039921779 174.99999997541428 5.0
line 300.0 425.0 300.0011039921779 174.99999997541428
dot 350.0 425.0 5.0
dot 350.0011503209457 174.99999997545748 5.0
line 350.0 425.0 350.0011503209457 174.99999997545748
dot 400.0 425.0 5.0
dot 401.17941135908995 175.0027763473625 5.0
line 400.0 425.0 401.17941135908995 175.0027763473625
frame 49
circle 161.68956100913005 177.73055388801072 25.0 0.0
circle 250.00021417770287 174.9998678202324 25.0 -4.891336074016859e-17
circle 300.00063836146586 174.99999997540493 25.0 -4.891151330970387e-17
circle 350.00068504853306 174.99999997537304 25.0 0.0
circle 401.1885303877669 175.00281986666715 25.0 0.0
dot 200.0 425.0 5.0
dot 161.68956100913005 177.73055388801072 5.0
line 200.0 425.0 161.68956100913005 177.73055388801072
dot 250.0 425.0 5.0
dot 250.00021417770287 174.9998678202324 5.0
line 250.0 425.0 250.00021417770287 174.9998678202324
dot 300.0 425.0 5.0
dot 300.00063836146586 174.99999997540493 5.0
line 300.0 425.0 300.00063836146586 174.99999997540493
dot 350.0 425.0 5.0
dot 350.00068504853306 174.99999997537304 5.0
line 350.0 425.0 350.00068504853306 174.99999997537304
dot 400.0 425.0 5.0
dot 401.1885303877669 175.00281986666715 5.0
line 400.0 425.0 401.1885303877669 175.00281986666715
frame 50
circle 173.36835229824084 176.18805319164707 25.0 0.0
circle 250.000041729992 174.99987591742655 25.0 -5.0965983816451123e-17
circle 300.00017027099096 174.99999997616194 25.0 -5.096405885955301e-17
circle 350.00021713300225 174.99999997605235 25.0 0.0
circle 401.1929817282914 175.00284139283355 25.0 0.0
dot 200.0 425.0 5.0
dot 173.36835229824084 176.18805319164707 5.0
line 200.0 425.0 173.36835229824084 176.18805319164707
dot 250.0 425.0 5.0
dot 250.000041729992 174.99987591742655 5.0
line 250.0 425.0 250.000041729992 174.99987591742655
dot 300.0 425.0 5.0
dot 300.00017027099096 174.99999997616194 5.0
line 300.0 425.0 300.00017027099096 174.99999997616194
dot 350.0 425.0 5.0
dot 350.00021713300225 174.99999997605235 5.0
line 350.0 425.0 350.00021713300225 174.99999997605235
dot 400.0 425.0 5.0
dot 401.1929817282914 175.00284139283355 5.0
line 400.0 425.0 401.1929817282914 175.00284139283355
frame 51
circle 185.2092898378221 175.19118069064348 25.0 0.0
circle 249.99972107985144 174.99988351880583 25.0 -5.301828411240525e-17
circle 299.9997607657002 174.99999997764706 25.0 -5.301627664812133e-17
circle 349.9998372610992 174.99999997745246 25.0 4.988743684277489e-24
circle 401.1927483727629 175.0028405874009 25.0 0.0
dot 200.0 425.0 5.0
dot 185.2092898378221 175.19118069064348 5.0
line 200.0 425.0 185.2092898378221 175.19118069064348
dot 250.0 425.0 5.0
dot 249.99972107985144 174.99988351880583 5.0
line 250.0 425.0 249.99972107985144 174.99988351880583
dot 300.0 425.0 5.0
dot 299.9997607657002 174.99999997764706 5.0
line 300.0 425.0 299.9997607657002 174.99999997764706
dot 350.0 425.0 5.0
dot 349.9998372610992 174.99999997745246 5.0
line 350.0 425.0 349.9998372610992 174.99999997745246
dot 400.0 425.0 5.0
dot 401.1927483727629 175.0028405874009 5.0
line 400.0 425.0 401.1927483727629 175.0028405874009
frame 52
circle 197.14041872472774 174.75743396562248 25.0 0.0
circle 249.99925350866258 174.99989065532563 25.0 -5.5070261666323755e-17
circle 299.9992930393281 174.999999979866 25.0 -5.506816006312889e-17
circle 349.9996653164419 174.99999997900227 25.0 2.1616803005147586e-23
circle 401.1878317082251 175.0028174625334 25.0 0.0
dot 200.0 425.0 5.0
dot 197.14041872472774 174.75743396562248 5.0
line 200.0 425.0 197.14041872472774 174.75743396562248
dot 250.0 425.0 5.0
dot 249.99925350866258 174.99989065532563 5.0
line 250.0 425.0 249.99925350866258 174.99989065532563
dot 300.0 425.0 5.0
dot 299.9992930393281 174.999999979866 5.0
line 300.0 425.0 299.9992930393281 174.999999979866
dot 350.0 425.0 5.0
dot 349.9996653164419 174.99999997900227 5.0
line 350.0 425.0 349.9996653164419 174.99999997900227
dot 400.0 425.0 5.0
dot 401.1878317082251 175.0028174625334 5.0
line 400.0 425.0 401.1878317082251 175.0028174625334
frame 53
circle 200.72320834501502 174.74985491282422 25.0 -1.3092345681930207e-16
circle 251.19179490073986 175.00000386153437 25.0 -2.2043462833519472e-16
circle 301.1936952033836 175.0000813727209 25.0 -1.3900482494058424e-16
circle 351.1938327494913 175.00004832990203 25.0 7.553725090610741e-17
circle 405.96217321263265 175.0597816308878 25.0 1.2095772581059823e-16
dot 200.0 425.0 5.0
dot 200.72320834501502 174.74985491282422 5.0
line 200.0 425.0 200.72320834501502 174.74985491282422
dot 250.0 425.0 5.0
dot 251.19179490073986 175.00000386153437 5.0
line 250.0 425.0 251.19179490073986 175.00000386153437
dot 300.0 425.0 5.0
dot 301.1936952033836 175.0000813727209 5.0
line 300.0 425.0 301.1936952033836 175.0000813727209
dot 350.0 425.0 5.0
dot 351.1938327494913 175.00004832990203 5.0
line 350.0 425.0 351.1938327494913 175.00004832990203
dot 400.0 425.0 5.0
dot 405.96217321263265 175.0597816308878 5.0
line 400.0 425.0 405.96217321263265 175.0597816308878
frame 54
circle 200.71912912112964 174.76523102804222 25.0 -3.178971425207477e-16
circle 251.18085373825127 175.00012570065948 25.0 -4.642153868770925e-16
circle 301.18546375790146 175.00021178412365 25.0 -2.9264314934875626e-16
circle 351.1879624081005 175.00019201738718 25.0 2.868991563592302e-16
circle 417.873877005312 175.6013998653704 25.0 4.2333076704137e-16
dot 200.0 425.0 5.0
dot 200.71912912112964 174.76523102804222 5.0
line 200.0 425.0 200.71912912112964 174.76523102804222
dot 250.0 425.0 5.0
dot 251.18085373825127 175.00012570065948 5.0
line 250.0 425.0 251.18085373825127 175.00012570065948
dot 300.0 425.0 5.0
dot 301.18546375790146 175.00021178412365 5.0
line 300.0 425.0 301.18546375790146 175.00021178412365
dot 350.0 425.0 5.0
dot 351.1879624081005 175.00019201738718 5.0
line 350.0 425.0 351.1879624081005 175.00019201738718
dot 400.0 425.0 5.0
dot 417.873877005312 175.6013998653704 5.0
line 400.0 425.0 417.873877005312 175.6013998653704
frame 55
circle 200.71223198635823 174.77965651042808 25.0 -5.048520376830946e-16
circle 251.16176491046207 175.0001993368423 25.0 -7.078621478453494e-16
circle 301.1751367543095 175.00032221344676 25.0 -4.461820384347747e-16
circle 351.17838219563436 175.00030780279963 25.0 4.982143172090721e-16
circle 429.6739431627363 176.70365030586808 25.0 7.256734202930401e-16
dot 200.0 425.0 5.0
dot 200.71223198635823 174.77965651042808 5.0
line 200.0 425.0 200.71223198635823 174.77965651042808
dot 250.0 425.0 5.0
dot 251.16176491046207 175.0001993368423 5.0
line 250.0 425.0 251.16176491046207 175.0001993368423
dot 300.0 425.0 5.0
dot 301.1751367543095 175.00032221344676 5.0
line 300.0 425.0 301.1751367543095 175.00032221344676
dot 350.0 425.0 5.0
dot 351.17838219563436 175.00030780279963 5.0
line 350.0 425.0 351.17838219563436 175.00030780279963
dot 400.0 425.0 5.0
dot 429.6739431627363 176.70365030586808 5.0
line 400.0 425.0 429.6739431627363 176.70365030586808
frame 56
circle 200.70254392868438 174.79318941169797 25.0 -6.917881441947601e-16
circle 251.13811640625588 175.0002436034704 25.0 -9.514844227263207e-16
circle 301.16019669448383 175.00040184417978 25.0 -5.997054971221908e-16
circle 351.1641761106054 175.00039247921114 25.0 7.095082412427429e-16
circle 441.291080007844 178.34616942993793 25.0 1.0279856886195492e-15
dot 200.0 425.0 5.0
dot 200.70254392868438 174.79318941169797 5.0
line 200.0 425.0 200.70254392868438 174.79318941169797
dot 250.0 425.0 5.0
dot 251.13811640625588 175.0002436034704 5.0
line 250.0 425.0 251.13811640625588 175.0002436034704
dot 300.0 425.0 5.0
dot 301.16019669448383 175.00040184417978 5.0
line 300.0 425.0 301.16019669448383 175.00040184417978
dot 350.0 425.0 5.0
dot 351.1641761106054 175.00039247921114 5.0
line 350.0 425.0 351.1641761106054 175.00039247921114
dot 400.0 425.0 5.0
dot 441.291080007844 178.34616942993793 5.0
line 400.0 425.0 441.291080007844 178.34616942993793
frame 57
circle 200.69010289941332 174.80588436660344 25.0 -8.78705463943972e-16
circle 251.1100015268905 175.00026081597494 25.0 -1.195082213980816e-15
circle 301.1407026938937 175.0004523640198 25.0 -7.532135269617333e-16
circle 351.1454003879264 175.0004476909058 25.0 9.207809305945063e-16
circle 452.65743307970416 180.49921965052428 25.0 1.3302675750745307e-15
dot 200.0 425.0 5.0
dot 200.69010289941332 174.80588436660344 5.0
line 200.0 425.0 200.69010289941332 174.80588436660344
dot 250.0 425.0 5.0
dot 251.1100015268905 175.00026081597494 5.0
line 250.0 425.0 251.1100015268905 175.00026081597494
dot 300.0 425.0 5.0
dot 301.1407026938937 175.0004523640198 5.0
line 300.0 425.0 301.1407026938937 175.0004523640198
dot 350.0 425.0 5.0
dot 351.1454003879264 175.0004476909058 5.0
line 350.0 425.0 351.1454003879264 175.0004476909058
dot 400.0 425.0 5.0
dot 452.65743307970416 180.49921965052428 5.0
line 400.0 425.0 452.65743307970416 180.49921965052428
frame 58
circle 200.6749576649245 174.81779280295046 25.0 -1.0656039988187678e-15
circle 251.07753110114598 175.00025352962896 25.0 -1.438655524069399e-15
circle 301.1167317423746 175.00047573738655 25.0 -9.067061295039755e-16
circle 351.1221291987648 175.00047536226342 25.0 1.1320323873984116e-15
circle 463.7097472765457 183.1244633521237 25.0 1.6325190827113113e-15
dot 200.0 425.0 5.0
dot 200.6749576649245 174.81779280295046 5.0
line 200.0 425.0 200.6749576649245 174.81779280295046
dot 250.0 425.0 5.0
dot 251.07753110114598 175.00025352962896 5.0
line 250.0 425.0 251.07753110114598 175.00025352962896
dot 300.0 425.0 5.0
dot 301.1167317423746 175.00047573738655 5.0
line 300.0 425.0 301.1167317423746 175.00047573738655
dot 350.0 425.0 5.0
dot 351.1221291987648 175.00047536226342 5.0
line 350.0 425.0 351.1221291987648 175.00047536226342
dot 400.0 425.0 5.0
dot 463.7097472765457 183.1244633521237 5.0
line 400.0 425.0 463.7097472765457 183.1244633521237
frame 59
circle 200.65716761569394 174.82896313655428 25.0 -1.252483750706996e-15
circle 251.0408330486635 175.0002245106913 25.0 -1.6822043554523853e-15
circle 301.08837840024523 175.0004741855541 25.0 -1.0601833062993344e-15
circle 351.0944543577167 175.0004776786531 25.0 1.3432626137882954e-15
circle 474.3903519532655 186.1759345216983 25.0 1.9347402145829102e-15
dot 200.0 425.0 5.0
dot 200.65716761569394 174.82896313655428 5.0
line 200.0 425.0 200.65716761569394 174.82896313655428
dot 250.0 425.0 5.0
dot 251.0408330486635 175.0002245106913 5.0
line 250.0 425.0 251.0408330486635 175.0002245106913
dot 300.0 425.0 5.0
dot 301.08837840024523 175.0004741855541 5.0
line 300.0 425.0 301.08837840024523 175.0004741855541
dot 350.0 425.0 5.0
dot 351.0944543577167 175.0004776786531 5.0
line 350.0 425.0 351.0944543577167 175.0004776786531
dot 400.0 425.0 5.0
dot 474.3903519532655 186.1759345216983 5.0
line 400.0 425.0 474.3903519532655 186.1759345216983
frame 60
circle 200.6368025333601 174.8394409520765 25.0 -1.4393447214963147e-15
circle 251.0000518762332 175.0001767035539 25.0 -1.925728710589843e-15
circle 301.055754425489 175.0004501620821 25.0 -1.2136450588980714e-15
circle 351.0624849607593 175.00045706255253 25.0 1.5544716118977772e-15
circle 484.64793726753095 189.60116543149616 25.0 2.2369309737420422e-15
dot 200.0 425.0 5.0
dot 200.6368025333601 174.8394409520765 5.0
line 200.0 425.0 200.6368025333601 174.8394409520765
dot 250.0 425.0 5.0
dot 251.0000518762332 175.0001767035539 5.0
line 250.0 425.0 251.0000518762332 175.0001767035539
dot 300.0 425.0 5.0
dot 301.055754425489 175.0004501620821 5.0
line 300.0 425.0 301.055754425489 175.0004501620821
dot 350.0 425.0 5.0
dot 351.0624849607593 175.00045706255253 5.0
line 350.0 425.0 351.0624849607593 175.00045706255253
dot 400.0 425.0 5.0
dot 484.64793726753095 189.60116543149616 5.0
line 400.0 425.0 484.64793726753095 189.60116543149616
frame 61
circle 200.6139423167739 174.84926917066784 25.0 -1.6261869130741924e-15
circle 250.95534810900566 175.0001131944521 25.0 -2.169228591941594e-15
circle 301.01898833346576 175.00040632397398 25.0 -1.3670913888502927e-15
circle 351.0263469554048 175.00041614531094 25.0 1.7656593838602633e-15
circle 494.4381013558646 193.34242132124012 25.0 2.5390913632411125e-15
dot 200.0 425.0 5.0
dot 200.6139423167739 174.84926917066784 5.0
line 200.0 425.0 200.6139423167739 174.84926917066784
dot 250.0 425.0 5.0
dot 250.95534810900566 175.0001131944521 5.0
line 250.0 425.0 250.95534810900566 175.0001131944521
dot 300.0 425.0 5.0
dot 301.01898833346576 175.00040632397398 5.0
line 300.0 425.0 301.01898833346576 175.00040632397398
dot 350.0 425.0 5.0
dot 351.0263469554048 175.00041614531094 5.0
line 350.0 425.0 351.0263469554048 175.00041614531094
dot 400.0 425.0 5.0
dot 494.4381013558646 193.34242132124012 5.0
line 400.0 425.0 494.4381013558646 193.34242132124012
frame 62
circle 200.58867666813072 174.85848820531538 25.0 -1.813010327327909e-15
circle 250.9068976588579 175.00003717234742 25.0 -2.412704001967212e-15
circle 300.97822489087997 175.00034549905507 25.0 -1.5205222977059478e-15
circle 350.9861826447414 175.0003577350397 25.0 1.9768259318089466e-15
circle 503.72365964392304 197.33799454642417 25.0 2.84122138613222e-15
dot 200.0 425.0 5.0
dot 200.58867666813072 174.85848820531538 5.0
line 200.0 425.0 200.58867666813072 174.85848820531538
dot 250.0 425.0 5.0
dot 250.9068976588579 175.00003717234742 5.0
line 250.0 425.0 250.9068976588579 175.00003717234742
dot 300.0 425.0 5.0
dot 300.97822489087997 175.00034549905507 5.0
line 300.0 425.0 300.97822489087997 175.00034549905507
dot 350.0 425.0 5.0
dot 350.9861826447414 175.0003577350397 5.0
line 350.0 425.0 350.9861826447414 175.0003577350397
dot 400.0 425.0 5.0
dot 503.72365964392304 197.33799454642417 5.0
line 400.0 425.0 503.72365964392304 197.33799454642417
frame 63
circle 200.56110474043967 174.86713610477113 25.0 -1.9998149661445515e-15
circle 250.8548911323912 174.99995188763424 25.0 -2.656154943126024e-15
circle 300.93362454599077 175.00027065011872 25.0 -1.673937787014831e-15
circle 350.9421501273079 175.0002847811703 25.0 2.1879712578768035e-15
circle 512.474718926161 201.52351108332851 25.0 3.1433210454671585e-15
dot 200.0 425.0 5.0
dot 200.56110474043967 174.86713610477113 5.0
line 200.0 425.0 200.56110474043967 174.86713610477113
dot 250.0 425.0 5.0
dot 250.8548911323912 174.99995188763424 5.0
line 250.0 425.0 250.8548911323912 174.99995188763424
dot 300.0 425.0 5.0
dot 300.93362454599077 175.00027065011872 5.0
line 300.0 425.0 300.93362454599077 175.00027065011872
dot 350.0 425.0 5.0
dot 350.9421501273079 175.0002847811703 5.0
line 350.0 425.0 350.9421501273079 175.0002847811703
dot 400.0 425.0 5.0
dot 512.474718926161 201.52351108332851 5.0
line 400.0 425.0 512.474718926161 201.52351108332851
frame 64
circle 200.5313347477352 174.87524868691426 25.0 -2.1866008314110224e-15
circle 250.7995330812749 174.99986060935424 25.0 -2.8995814178771104e-15
circle 300.88536279729806 175.0001848364384 25.0 -1.82733785832658e-15
circle 350.8944226749967 175.00020033627297 25.0 2.3990953641965975e-15
circle 520.6685290719213 205.8332062598697 25.0 3.4453903442974134e-15
dot 200.0 425.0 5.0
dot 200.5313347477352 174.87524868691426 5.0
line 200.0 425.0 200.5313347477352 174.87524868691426
dot 250.0 425.0 5.0
dot 250.7995330812749 174.99986060935424 5.0
line 250.0 425.0 250.7995330812749 174.99986060935424
dot 300.0 425.0 5.0
dot 300.88536279729806 175.0001848364384 5.0
line 300.0 425.0 300.88536279729806 175.0001848364384
dot 350.0 425.0 5.0
dot 350.8944226749967 175.00020033627297 5.0
line 350.0 425.0 350.8944226749967 175.00020033627297
dot 400.0 425.0 5.0
dot 520.6685290719213 205.8332062598697 5.0
line 400.0 425.0 520.6685290719213 205.8332062598697
frame 65
circle 200.4994835395819 174.88285966237441 25.0 -2.3733679250140304e-15
circle 250.7410411978777 174.99976658162237 25.0 -3.1429834286793023e-15
circle 300.8336295031816 175.00009117328173 25.0 -1.9807225131906788e-15
circle 350.8431880514274 175.00010751576573 25.0 2.6101982529008766e-15
circle 528.289133777035 210.20113259528924 25.0 3.747429285674164e-15
dot 200.0 425.0 5.0
dot 200.4994835395819 174.88285966237441 5.0
line 200.0 425.0 200.4994835395819 174.88285966237441
dot 250.0 425.0 5.0
dot 250.7410411978777 174.99976658162237 5.0
line 250.0 425.0 250.7410411978777 174.99976658162237
dot 300.0 425.0 5.0
dot 300.8336295031816 175.00009117328173 5.0
line 300.0 425.0 300.8336295031816 175.00009117328173
dot 350.0 425.0 5.0
dot 350.8431880514274 175.00010751576573 5.0
line 350.0 425.0 350.8431880514274 175.00010751576573
dot 400.0 425.0 5.0
dot 528.289133777035 210.20113259528924 5.0
line 400.0 425.0 528.289133777035 210.20113259528924
frame 66
circle 200.46567614156245 174.89000074921827 25.0 -2.5601162488400958e-15
circle 250.6796454593431 174.99967297997986 25.0 -3.386360977991186e-15
circle 300.77862813520056 174.99999279009248 25.0 -2.1340917531564534e-15
circle 350.78864777346365 175.0000094561793 25.0 2.8212799261219763e-15
circle 535.3268483298012 214.56227006013253 25.0 4.049437872648282e-15
dot 200.0 425.0 5.0
dot 200.46567614156245 174.89000074921827 5.0
line 200.0 425.0 200.46567614156245 174.89000074921827
dot 250.0 425.0 5.0
dot 250.6796454593431 174.99967297997986 5.0
line 250.0 425.0 250.6796454593431 174.99967297997986
dot 300.0 425.0 5.0
dot 300.77862813520056 174.99999279009248 5.0
line 300.0 425.0 300.77862813520056 174.99999279009248
dot 350.0 425.0 5.0
dot 350.78864777346365 175.0000094561793 5.0
line 350.0 425.0 350.78864777346365 175.0000094561793
dot 400.0 425.0 5.0
dot 535.3268483298012 214.56227006013253 5.0
line 400.0 425.0 535.3268483298012 214.56227006013253
frame 67
circle 200.43004526357126 174.89670177947244 25.0 -2.74684580477555e-15
circle 250.61558722346888 174.9995828683871 25.0 -3.629714068271099e-15
circle 300.72057497798414 174.99989278802525 25.0 -2.287445579773075e-15
circle 350.7310163187712 174.99990927265935 25.0 3.0323403859920165e-15
circle 541.7775967497379 218.85351725783136 25.0 4.351416108270336e-15
dot 200.0 425.0 5.0
dot 200.43004526357126 174.89670177947244 5.0
line 200.0 425.0 200.43004526357126 174.89670177947244
dot 250.0 425.0 5.0
dot 250.61558722346888 174.9995828683871 5.0
line 250.0 425.0 250.61558722346888 174.9995828683871
dot 300.0 425.0 5.0
dot 300.72057497798414 174.99989278802525 5.0
line 300.0 425.0 300.72057497798414 174.99989278802525
dot 350.0 425.0 5.0
dot 350.7310163187712 174.99990927265935 5.0
line 350.0 425.0 350.7310163187712 174.99990927265935
dot 400.0 425.0 5.0
dot 541.7775967497379 218.85351725783136 5.0
line 400.0 425.0 541.7775967497379 218.85351725783136
frame 68
circle 200.39273077786115 174.902990798228 25.0 -2.933556594706534e-15
circle 250.5491182799414 174.9994991575594 25.0 -3.873042701977135e-15
circle 300.6596982788538 174.99979419752543 25.0 -2.4407839945895587e-15
circle 350.6705202825271 174.99981001640202 25.0 3.243379634642903e-15
circle 547.6421429269325 223.01455035718715 25.0 4.653363995590584e-15
dot 200.0 425.0 5.0
dot 200.39273077786115 174.902990798228 5.0
line 200.0 425.0 200.39273077786115 174.902990798228
dot 250.0 425.0 5.0
dot 250.5491182799414 174.9994991575594 5.0
line 250.0 425.0 250.5491182799414 174.9994991575594
dot 300.0 425.0 5.0
dot 300.6596982788538 174.99979419752543 5.0
line 300.0 425.0 300.6596982788538 174.99979419752543
dot 350.0 425.0 5.0
dot 350.6705202825271 174.99981001640202 5.0
line 350.0 425.0 350.6705202825271 174.99981001640202
dot 400.0 425.0 5.0
dot 547.6421429269325 223.01455035718715 5.0
line 400.0 425.0 547.6421429269325 223.01455035718715
frame 69
circle 200.35387916890994 174.9088941560386 25.0 -3.1202486205189995e-15
circle 250.4804998606521 174.9994245653237 25.0 -4.1163468815671366e-15
circle 300.5962373505146 174.99969993664516 25.0 -2.5941069991547655e-15
circle 350.6073974865909 174.9997146327141 25.0 3.4543976742063277e-15
circle 552.9252507345512 226.98854452663448 25.0 4.955281537658979e-15
dot 200.0 425.0 5.0
dot 200.35387916890994 174.9088941560386 5.0
line 200.0 425.0 200.35387916890994 174.9088941560386
dot 250.0 425.0 5.0
dot 250.4804998606521 174.9994245653237 5.0
line 250.0 425.0 250.4804998606521 174.9994245653237
dot 300.0 425.0 5.0
dot 300.5962373505146 174.99969993664516 5.0
line 300.0 425.0 300.5962373505146 174.99969993664516
dot 350.0 425.0 5.0
dot 350.6073974865909 174.9997146327141 5.0
line 350.0 425.0 350.6073974865909 174.9997146327141
dot 400.0 425.0 5.0
dot 552.9252507345512 226.98854452663448 5.0
line 400.0 425.0 552.9252507345512 226.98854452663448
frame 70
circle 200.3136429572816 174.9144365952916 25.0 -3.306921884098709e-15
circle 250.41000161298484 174.9993615796424 25.0 -4.3596266094987e-15
circle 300.5304416303407 174.99961277077276 25.0 -2.7474145950173993e-15
circle 350.541896044636 174.99962592037997 25.0 3.665394506813767e-15
circle 557.6348068143185 230.72275970288968 25.0 5.257168737525166e-15
dot 200.0 425.0 5.0
dot 200.3136429572816 174.9144365952916 5.0
line 200.0 425.0 200.3136429572816 174.9144365952916
dot 250.0 425.0 5.0
dot 250.41000161298484 174.9993615796424 5.0
line 250.0 425.0 250.41000161298484 174.9993615796424
dot 300.0 425.0 5.0
dot 300.5304416303407 174.99961277077276 5.0
line 300.0 425.0 300.5304416303407 174.99961277077276
dot 350.0 425.0 5.0
dot 350.541896044636 174.99962592037997 5.0
line 350.0 425.0 350.541896044636 174.99962592037997
dot 400.0 425.0 5.0
dot 557.6348068143185 230.72275970288968 5.0
line 400.0 425.0 557.6348068143185 230.72275970288968
frame 71
circle 200.2721800997595 174.91964133119478 25.0 -3.4935763873312344e-15
circle 250.33790054011087 174.99931242490604 25.0 -4.602881888229178e-15
circle 300.4625696999508 174.9995352744289 25.0 -2.9007067837260085e-15
circle 350.4742733869142 174.99954649299568 25.0 3.8763701345964845e-15
circle 561.7809372171184 234.16899846129843 25.0 5.559025598238486e-15
dot 200.0 425.0 5.0
dot 200.2721800997595 174.91964133119478 5.0
line 200.0 425.0 200.2721800997595 174.91964133119478
dot 250.0 425.0 5.0
dot 250.33790054011087 174.99931242490604 5.0
line 250.0 425.0 250.33790054011087 174.99931242490604
dot 300.0 425.0 5.0
dot 300.4625696999508 174.9995352744289 5.0
line 300.0 425.0 300.4625696999508 174.9995352744289
dot 350.0 425.0 5.0
dot 350.4742733869142 174.99954649299568 5.0
line 350.0 425.0 350.4742733869142 174.99954649299568
dot 400.0 425.0 5.0
dot 561.7809372171184 234.16899846129843 5.0
line 400.0 425.0 561.7809372171184 234.16899846129843
frame 72
circle 200.22965336812095 174.92453012798447 25.0 -3.680212132101959e-15
circle 250.2644799124573 174.99927903204508 25.0 -4.846112720215672e-15
circle 300.3928882689264 174.99946979574906 25.0 -3.053983566828985e-15
circle 350.4047952484855 174.99947874289592 25.0 4.087324559685531e-15
circle 565.3751457118789 237.2839483619524 25.0 5.860852122847974e-15
dot 200.0 425.0 5.0
dot 200.22965336812095 174.92453012798447 5.0
line 200.0 425.0 200.22965336812095 174.92453012798447
dot 250.0 425.0 5.0
dot 250.2644799124573 174.99927903204508 5.0
line 250.0 425.0 250.2644799124573 174.99927903204508
dot 300.0 425.0 5.0
dot 300.3928882689264 174.99946979574906 5.0
line 300.0 425.0 300.3928882689264 174.99946979574906
dot 350.0 425.0 5.0
dot 350.4047952484855 174.99947874289592 5.0
line 350.0 425.0 350.4047952484855 174.99947874289592
dot 400.0 425.0 5.0
dot 565.3751457118789 237.2839483619524 5.0
line 400.0 425.0 565.3751457118789 237.2839483619524
frame 73
circle 200.18622970900535 174.9291233709193 25.0 -3.866829120296076e-15
circle 250.19002815463168 174.99926301294735 25.0 -5.089319107915039e-15
circle 300.32167112666764 174.99941842422862 25.0 -3.207244945874568e-15
circle 350.3337346248905 174.99942480826007 25.0 4.298257784211738e-15
circle 568.4294977324937 240.0294243577133 25.0 6.162648314402358e-15
dot 200.0 425.0 5.0
dot 200.18622970900535 174.9291233709193 5.0
line 200.0 425.0 200.18622970900535 174.9291233709193
dot 250.0 425.0 5.0
dot 250.19002815463168 174.99926301294735 5.0
line 250.0 425.0 250.19002815463168 174.99926301294735
dot 300.0 425.0 5.0
dot 300.32167112666764 174.99941842422862 5.0
line 300.0 425.0 300.32167112666764 174.99941842422862
dot 350.0 425.0 5.0
dot 350.3337346248905 174.99942480826007 5.0
line 350.0 425.0 350.3337346248905 174.99942480826007
dot 400.0 425.0 5.0
dot 568.4294977324937 240.0294243577133 5.0
line 400.0 425.0 568.4294977324937 240.0294243577133
frame 74
circle 200.1172423655713 174.93342667592918 25.0 -4.052699214877841e-15
circle 250.13967492840086 174.99927886282885 25.0 -5.3317729148631395e-15
circle 300.24919806650854 174.99938296225446 25.0 -3.3604909224108376e-15
circle 350.26137069937147 174.99938654393083 25.0 4.509169810305729e-15
circle 570.955869946273 242.37252869526102 25.0 6.464414175950056e-15
dot 200.0 425.0 5.0
dot 200.1172423655713 174.93342667592918 5.0
line 200.0 425.0 200.1172423655713 174.93342667592918
dot 250.0 425.0 5.0
dot 250.13967492840086 174.99927886282885 5.0
line 250.0 425.0 250.13967492840086 174.99927886282885
dot 300.0 425.0 5.0
dot 300.24919806650854 174.99938296225446 5.0
line 300.0 425.0 300.24919806650854 174.99938296225446
dot 350.0 425.0 5.0
dot 350.26137069937147 174.99938654393083 5.0
line 350.0 425.0 350.26137069937147 174.99938654393083
dot 400.0 425.0 5.0
dot 570.955869946273 242.37252869526102 5.0
line 400.0 425.0 570.955869946273 242.37252869526102
frame 75
circle 200.04159040471288 174.93748147822927 25.0 -4.238368604246729e-15
circle 250.09498975178775 174.99930406938995 25.0 -5.574020330030994e-15
circle 300.17575378632387 174.99936490088558 25.0 -3.5137214979857198e-15
circle 350.1879877458626 174.99936549641944 25.0 4.7200606400979106e-15
circle 572.9652815655224 244.28574631640706 25.0 6.766149710539182e-15
dot 200.0 425.0 5.0
dot 200.04159040471288 174.93748147822927 5.0
line 200.0 425.0 200.04159040471288 174.93748147822927
dot 250.0 425.0 5.0
dot 250.09498975178775 174.99930406938995 5.0
line 250.0 425.0 250.09498975178775 174.99930406938995
dot 300.0 425.0 5.0
dot 300.17575378632387 174.99936490088558 5.0
line 300.0 425.0 300.17575378632387 174.99936490088558
dot 350.0 425.0 5.0
dot 350.1879877458626 174.99936549641944 5.0
line 350.0 425.0 350.1879877458626 174.99936549641944
dot 400.0 425.0 5.0
dot 572.9652815655224 244.28574631640706 5.0
line 400.0 425.0 572.9652815655224 244.28574631640706
frame 76
circle 199.96578282001443 174.9413093164777 25.0 -4.424019334156091e-15
circle 250.04993608310647 174.99933435381544 25.0 -5.816243399743448e-15
circle 300.10162676995157 174.9993654002781 25.0 -3.666936674146985e-15
circle 350.1138740120627 174.99936288350636 25.0 4.930930275718475e-15
circle 574.4673199795687 245.7469932191786 25.0 7.067854921217549e-15
dot 200.0 425.0 5.0
dot 199.96578282001443 174.9413093164777 5.0
line 200.0 425.0 199.96578282001443 174.9413093164777
dot 250.0 425.0 5.0
dot 250.04993608310647 174.99933435381544 5.0
line 250.0 425.0 250.04993608310647 174.99933435381544
dot 300.0 425.0 5.0
dot 300.10162676995157 174.9993654002781 5.0
line 300.0 425.0 300.10162676995157 174.9993654002781
dot 350.0 425.0 5.0
dot 350.1138740120627 174.99936288350636 5.0
line 350.0 425.0 350.1138740120627 174.99936288350636
dot 400.0 425.0 5.0
dot 574.4673199795687 245.7469932191786 5.0
line 400.0 425.0 574.4673199795687 245.7469932191786
frame 77
circle 199.89011715034707 174.9449255181728 25.0 -4.609651406481175e-15
circle 250.00469086517734 174.99937009534327 25.0 -6.058442126447179e-15
circle 300.0271081538323 174.9993852750761 25.0 -3.820136452442249e-15
circle 350.0393205869874 174.99937957877003 25.0 5.1417787192973986e-15
circle 575.4696701753475 246.73963373691328 25.0 7.369529811032654e-15
dot 200.0 425.0 5.0
dot 199.89011715034707 174.9449255181728 5.0
line 200.0 425.0 199.89011715034707 174.9449255181728
dot 250.0 425.0 5.0
dot 250.00469086517734 174.99937009534327 5.0
line 250.0 425.0 250.00469086517734 174.99937009534327
dot 300.0 425.0 5.0
dot 300.0271081538323 174.9993852750761 5.0
line 300.0 425.0 300.0271081538323 174.9993852750761
dot 350.0 425.0 5.0
dot 350.0393205869874 174.99937957877003 5.0
line 350.0 425.0 350.0393205869874 174.99937957877003
dot 400.0 425.0 5.0
dot 575.4696701753475 246.73963373691328 5.0
line 400.0 425.0 575.4696701753475 246.73963373691328
frame 78
circle 199.81489036512545 174.94834411292322 25.0 -4.795264823097034e-15
circle 249.95355869270622 174.99941241680045 25.0 -6.3003612181521764e-15
circle 299.9583636659635 174.99942407817701 25.0 -3.97306553998253e-15
circle 349.96462025745507 174.9994161013011 25.0 5.352605972964448e-15
circle 575.9777547864377 247.25248041736802 25.0 7.67117438303169e-15
dot 200.0 425.0 5.0
dot 199.81489036512545 174.94834411292322 5.0
line 200.0 425.0 199.81489036512545 174.94834411292322
dot 250.0 425.0 5.0
dot 249.95355869270622 174.99941241680045 5.0
line 250.0 425.0 249.95355869270622 174.99941241680045
dot 300.0 425.0 5.0
dot 299.9583636659635 174.99942407817701 5.0
line 300.0 425.0 299.9583636659635 174.99942407817701
dot 350.0 425.0 5.0
dot 349.96462025745507 174.9994161013011 5.0
line 350.0 425.0 349.96462025745507 174.9994161013011
dot 400.0 425.0 5.0
dot 575.9777547864377 247.25248041736802 5.0
line 400.0 425.0 575.9777547864377 247.25248041736802
frame 79
circle 199.74039769687076 174.95157789530077 25.0 -4.980859585878537e-15
circle 249.87913209228725 174.99947250371355 25.0 -6.541234870966306e-15
circle 299.8926486950194 174.9994782734783 25.0 -4.12546056252107e-15
circle 349.9106891614089 174.99946487675012 25.0 5.562909608304918e-15
circle 575.9944894460144 247.27978730743703 25.0 7.972788640261553e-15
dot 200.0 425.0 5.0
dot 199.74039769687076 174.95157789530077 5.0
line 200.0 425.0 199.74039769687076 174.95157789530077
dot 250.0 425.0 5.0
dot 249.87913209228725 174.99947250371355 5.0
line 250.0 425.0 249.87913209228725 174.99947250371355
dot 300.0 425.0 5.0
dot 299.8926486950194 174.9994782734783 5.0
line 300.0 425.0 299.8926486950194 174.9994782734783
dot 350.0 425.0 5.0
dot 349.9106891614089 174.99946487675012 5.0
line 350.0 425.0 349.9106891614089 174.99946487675012
dot 400.0 425.0 5.0
dot 575.9944894460144 247.27978730743703 5.0
line 400.0 425.0 575.9944894460144 247.27978730743703
frame 80
circle 199.66693148073867 174.9546384897401 25.0 -5.166435696700361e-15
circle 249.80518757394432 174.99955223042483 25.0 -6.7820843163858306e-15
circle 299.81852164052935 174.99955339806527 25.0 -4.2780555861734416e-15
circle 349.86595438572016 174.99951822998466 25.0 5.772976791930035e-15
circle 575.5201563495024 246.82124413683349 25.0 8.274372585768822e-15
dot 200.0 425.0 5.0
dot 199.66693148073867 174.9546384897401 5.0
line 200.0 425.0 199.66693148073867 174.9546384897401
dot 250.0 425.0 5.0
dot 249.80518757394432 174.99955223042483 5.0
line 250.0 425.0 249.80518757394432 174.99955223042483
dot 300.0 425.0 5.0
dot 299.81852164052935 174.99955339806527 5.0
line 300.0 425.0 299.81852164052935 174.99955339806527
dot 350.0 425.0 5.0
dot 349.86595438572016 174.99951822998466 5.0
line 350.0 425.0 349.86595438572016 174.99951822998466
dot 400.0 425.0 5.0
dot 575.5201563495024 246.82124413683349 5.0
line 400.0 425.0 575.5201563495024 246.82124413683349
frame 81
circle 199.59478000558482 174.95753641752785 25.0 -5.351993157436997e-15
circle 249.73201544101394 174.99965099718932 25.0 -7.022909556843549e-15
circle 299.7451146321832 174.99964780849433 25.0 -4.430635274284091e-15
circle 349.8217504445467 174.99957717394327 25.0 5.98302286415858e-15
circle 574.5523974490388 245.88197529796003 25.0 8.575926222599774e-15
dot 200.0 425.0 5.0
dot 199.59478000558482 174.95753641752785 5.0
line 200.0 425.0 199.59478000558482 174.95753641752785
dot 250.0 425.0 5.0
dot 249.73201544101394 174.99965099718932 5.0
line 250.0 425.0 249.73201544101394 174.99965099718932
dot 300.0 425.0 5.0
dot 299.7451146321832 174.99964780849433 5.0
line 300.0 425.0 299.7451146321832 174.99964780849433
dot 350.0 425.0 5.0
dot 349.8217504445467 174.99957717394327 5.0
line 350.0 425.0 349.8217504445467 174.99957717394327
dot 400.0 425.0 5.0
dot 574.5523974490388 245.88197529796003 5.0
line 400.0 425.0 574.5523974490388 245.88197529796003
frame 82
circle 199.5242263810921 174.96028116582693 25.0 -5.537531969962748e-15
circle 249.6599029343449 174.99976786537536 25.0 -7.263710594772017e-15
circle 299.6727158384963 174.99976062097917 25.0 -4.583199628394212e-15
circle 349.7782508541083 174.9996414005773 25.0 6.193047827112214e-15
circle 573.0863273689702 244.47254378065483 25.0 8.877449553800382e-15
dot 200.0 425.0 5.0
dot 199.5242263810921 174.96028116582693 5.0
line 200.0 425.0 199.5242263810921 174.96028116582693
dot 250.0 425.0 5.0
dot 249.6599029343449 174.99976786537536 5.0
line 250.0 425.0 249.6599029343449 174.99976786537536
dot 300.0 425.0 5.0
dot 299.6727158384963 174.99976062097917 5.0
line 300.0 425.0 299.6727158384963 174.99976062097917
dot 350.0 425.0 5.0
dot 349.7782508541083 174.9996414005773 5.0
line 350.0 425.0 349.7782508541083 174.9996414005773
dot 400.0 425.0 5.0
dot 573.0863273689702 244.47254378065483 5.0
line 400.0 425.0 573.0863273689702 244.47254378065483
frame 83
circle 199.45554742541762 174.96288125858538 25.0 -5.723052136151727e-15
circle 249.5891331045142 174.99990157472695 25.0 -7.504487432603553e-15
circle 299.6016094395216 174.99989062620512 25.0 -4.7357486500448475e-15
circle 349.7356263473932 174.99971048111215 25.0 6.403051682912384e-15
circle 571.1147648007841 242.60895647523392 25.0 9.178942582416309e-15
dot 200.0 425.0 5.0
dot 199.45554742541762 174.96288125858538 5.0
line 200.0 425.0 199.45554742541762 174.96288125858538
dot 250.0 425.0 5.0
dot 249.5891331045142 174.99990157472695 5.0
line 250.0 425.0 249.5891331045142 174.99990157472695
dot 300.0 425.0 5.0
dot 299.6016094395216 174.99989062620512 5.0
line 300.0 425.0 299.6016094395216 174.99989062620512
dot 350.0 425.0 5.0
dot 349.7356263473932 174.99971048111215 5.0
line 350.0 425.0 349.7356263473932 174.99971048111215
dot 400.0 425.0 5.0
dot 571.1147648007841 242.60895647523392 5.0
line 400.0 425.0 571.1147648007841 242.60895647523392
frame 84
circle 199.38901257773668 174.9653443290965 25.0 -5.908553657877859e-15
circle 249.51998370064086 175.00005056551774 25.0 -7.745240072770221e-15
circle 299.5320745112018 175.00003631063427 25.0 -4.888282340776882e-15
circle 349.6940442040014 174.99978387512087 25.0 6.613034433680319e-15
circle 568.6285796580321 240.31266364116863 25.0 9.480405311492912e-15
dot 200.0 425.0 5.0
dot 199.38901257773668 174.9653443290965 5.0
line 200.0 425.0 199.38901257773668 174.9653443290965
dot 250.0 425.0 5.0
dot 249.51998370064086 175.00005056551774 5.0
line 250.0 425.0 249.51998370064086 175.00005056551774
dot 300.0 425.0 5.0
dot 299.5320745112018 175.00003631063427 5.0
line 300.0 425.0 299.5320745112018 175.00003631063427
dot 350.0 425.0 5.0
dot 349.6940442040014 174.99978387512087 5.0
line 350.0 425.0 349.6940442040014 174.99978387512087
dot 400.0 425.0 5.0
dot 568.6285796580321 240.31266364116863 5.0
line 400.0 425.0 568.6285796580321 240.31266364116863
frame 85
circle 199.32488283995676 174.9676771938944 25.0 -6.094036537014882e-15
circle 249.45272608016617 175.00021300525785 25.0 -7.985968517703846e-15
circle 299.46438392991246 175.00019588244098 25.0 -5.0408007021310494e-15
circle 349.6536675936238 174.99986094120567 25.0 6.822996081537043e-15
circle 565.617151510638 237.61054199404566 25.0 9.781837744075245e-15
dot 200.0 425.0 5.0
dot 199.32488283995676 174.9676771938944 5.0
line 200.0 425.0 199.32488283995676 174.9676771938944
dot 250.0 425.0 5.0
dot 249.45272608016617 175.00021300525785 5.0
line 250.0 425.0 249.45272608016617 175.00021300525785
dot 300.0 425.0 5.0
dot 299.46438392991246 175.00019588244098 5.0
line 300.0 425.0 299.46438392991246 175.00019588244098
dot 350.0 425.0 5.0
dot 349.6536675936238 174.99986094120567 5.0
line 350.0 425.0 349.6536675936238 174.99986094120567
dot 400.0 425.0 5.0
dot 565.617151510638 237.61054199404566 5.0
line 400.0 425.0 565.617151510638 237.61054199404566
frame 86
circle 199.26340975176078 174.96988592759834 25.0 -6.279500775436344e-15
circle 249.38762414388356 175.00038681954135 25.0 -8.226672769836014e-15
circle 299.39880330149964 175.00036730167824 25.0 -5.193303735647924e-15
circle 349.61465493573616 174.999940949128 25.0 7.032936628603362e-15
circle 562.0689326632468 234.53484794330092 25.0 1.0083239883208053e-14
dot 200.0 425.0 5.0
dot 199.26340975176078 174.96988592759834 5.0
line 200.0 425.0 199.26340975176078 174.96988592759834
dot 250.0 425.0 5.0
dot 249.38762414388356 175.00038681954135 5.0
line 250.0 425.0 249.38762414388356 175.00038681954135
dot 300.0 425.0 5.0
dot 299.39880330149964 175.00036730167824 5.0
line 300.0 425.0 299.39880330149964 175.00036730167824
dot 350.0 425.0 5.0
dot 349.61465493573616 174.999940949128 5.0
line 350.0 425.0 349.61465493573616 174.999940949128
dot 400.0 425.0 5.0
dot 562.0689326632468 234.53484794330092 5.0
line 400.0 425.0 562.0689326632468 234.53484794330092
frame 87
circle 199.2048344030029 174.97197593825828 25.0 -6.4649463750156046e-15
circle 249.32493330040174 175.00056972655884 25.0 -8.467352831598053e-15
circle 299.3355899190213 175.0005483142087 25.0 -5.345791442867929e-15
circle 349.577159278019 175.00002309320456 25.0 7.24285607699987e-15
circle 557.9721066228823 231.12312518361782 25.0 1.0384611731935775e-14
dot 200.0 425.0 5.0
dot 199.2048344030029 174.97197593825828 5.0
line 200.0 425.0 199.2048344030029 174.97197593825828
dot 250.0 425.0 5.0
dot 249.32493330040174 175.00056972655884 5.0
line 250.0 425.0 249.32493330040174 175.00056972655884
dot 300.0 425.0 5.0
dot 299.3355899190213 175.0005483142087 5.0
line 300.0 425.0 299.3355899190213 175.0005483142087
dot 350.0 425.0 5.0
dot 349.577159278019 175.00002309320456 5.0
line 350.0 425.0 349.577159278019 175.00002309320456
dot 400.0 425.0 5.0
dot 557.9721066228823 231.12312518361782 5.0
line 400.0 425.0 557.9721066228823 231.12312518361782
frame 88
circle 199.14938648733153 174.97395204269924 25.0 -6.650373337625837e-15
circle 249.26489946410592 175.00075927473918 25.0 -8.708008705421059e-15
circle 299.27499175328194 175.00073648887476 25.0 -5.49826382533133e-15
circle 349.5413276959449 175.00010650676694 25.0 7.452754428846944e-15
circle 553.3153295979523 227.41804928076917 25.0 1.0685953293302553e-14
dot 200.0 425.0 5.0
dot 199.14938648733153 174.97395204269924 5.0
line 200.0 425.0 199.14938648733153 174.97395204269924
dot 250.0 425.0 5.0
dot 249.26489946410592 175.00075927473918 5.0
line 250.0 425.0 249.26489946410592 175.00075927473918
dot 300.0 425.0 5.0
dot 299.27499175328194 175.00073648887476 5.0
line 300.0 425.0 299.27499175328194 175.00073648887476
dot 350.0 425.0 5.0
dot 349.5413276959449 175.00010650676694 5.0
line 350.0 425.0 349.5413276959449 175.00010650676694
dot 400.0 425.0 5.0
dot 553.3153295979523 227.41804928076917 5.0
line 400.0 425.0 553.3153295979523 227.41804928076917
frame 89
circle 199.09728340074935 174.97581854132375 25.0 -6.835781665140025e-15
circle 249.20775809054902 175.00095288293747 25.0 -8.948640393735877e-15
circle 299.2172464801233 175.00092925733068 25.0 -5.650720884578239e-15
circle 349.50730071588697 175.00019027746438 25.0 7.662631686264758e-15
circle 548.088539127612 223.4671912790822 25.0 1.0987264570352208e-14
dot 200.0 425.0 5.0
dot 199.09728340074935 174.97581854132375 5.0
line 200.0 425.0 199.09728340074935 174.97581854132375
dot 250.0 425.0 5.0
dot 249.20775809054902 175.00095288293747 5.0
line 250.0 425.0 249.20775809054902 175.00095288293747
dot 300.0 425.0 5.0
dot 299.2172464801233 175.00092925733068 5.0
line 300.0 425.0 299.2172464801233 175.00092925733068
dot 350.0 425.0 5.0
dot 349.50730071588697 175.00019027746438 5.0
line 350.0 425.0 349.50730071588697 175.00019027746438
dot 400.0 425.0 5.0
dot 548.088539127612 223.4671912790822 5.0
line 400.0 425.0 548.088539127612 223.4671912790822
frame 90
circle 199.04872938864128 174.97757929179792 25.0 -7.0211713594309625e-15
circle 249.15373325305484 175.0011478825441 25.0 -9.18924789897311e-15
circle 299.1625805482846 175.001123955918 25.0 -5.803162622148615e-15
circle 349.4752117640116 175.00027346317705 25.0 7.872487851373262e-15
circle 542.2838100736346 219.3226828656252 25.0 1.1288545566128269e-14
dot 200.0 425.0 5.0
dot 199.04872938864128 174.97757929179792 5.0
line 200.0 425.0 199.04872938864128 174.97757929179792
dot 250.0 425.0 5.0
dot 249.15373325305484 175.0011478825441 5.0
line 250.0 425.0 249.15373325305484 175.0011478825441
dot 300.0 425.0 5.0
dot 299.1625805482846 175.001123955918 5.0
line 300.0 425.0 299.1625805482846 175.001123955918
dot 350.0 425.0 5.0
dot 349.4752117640116 175.00027346317705 5.0
line 350.0 425.0 349.4752117640116 175.00027346317705
dot 400.0 425.0 5.0
dot 542.2838100736346 219.3226828656252 5.0
line 400.0 425.0 542.2838100736346 219.3226828656252
frame 91
circle 199.00391474460926 174.9792377810294 25.0 -7.206542422371255e-15
circle 249.10303676415217 175.00134156086062 25.0 -9.429831223563115e-15
circle 299.1112082914871 175.0013178689328 25.0 -5.95558903958226e-15
circle 349.44518664311585 175.00035510829517 25.0 8.082322926292201e-15
circle 535.8962342086206 215.04076740328986 25.0 1.1589796283673947e-14
dot 200.0 425.0 5.0
dot 199.00391474460926 174.9792377810294 5.0
line 200.0 425.0 199.00391474460926 174.9792377810294
dot 250.0 425.0 5.0
dot 249.10303676415217 175.00134156086062 5.0
line 250.0 425.0 249.10303676415217 175.00134156086062
dot 300.0 425.0 5.0
dot 299.1112082914871 175.0013178689328 5.0
line 300.0 425.0 299.1112082914871 175.0013178689328
dot 350.0 425.0 5.0
dot 349.44518664311585 175.00035510829517 5.0
line 350.0 425.0 349.44518664311585 175.00035510829517
dot 400.0 425.0 5.0
dot 535.8962342086206 215.04076740328986 5.0
line 400.0 425.0 535.8962342086206 215.04076740328986
frame 92
circle 198.96301506424598 174.98079719483783 25.0 -7.39189485583333e-15
circle 249.05586734528057 175.00153120506735 25.0 -9.670390369936013e-15
circle 299.0633310882185 175.00150827261172 25.0 -6.108000138418822e-15
circle 349.41734303945964 175.00043426011578 25.0 8.292136913141098e-15
circle 528.9247957715389 210.68122429179272 25.0 1.1891016726032158e-14
dot 200.0 425.0 5.0
dot 198.96301506424598 174.98079719483783 5.0
line 200.0 425.0 198.96301506424598 174.98079719483783
dot 250.0 425.0 5.0
dot 249.05586734528057 175.00153120506735 5.0
line 250.0 425.0 249.05586734528057 175.00153120506735
dot 300.0 425.0 5.0
dot 299.0633310882185 175.00150827261172 5.0
line 300.0 425.0 299.0633310882185 175.00150827261172
dot 350.0 425.0 5.0
dot 349.41734303945964 175.00043426011578 5.0
line 350.0 425.0 349.41734303945964 175.00043426011578
dot 400.0 425.0 5.0
dot 528.9247957715389 210.68122429179272 5.0
line 400.0 425.0 528.9247957715389 210.68122429179272
frame 93
circle 198.92619055676388 174.98226048472074 25.0 -7.577228661689413e-15
circle 249.01240984801663 175.001714146098 25.0 -9.910925340521664e-15
circle 299.01913657250833 175.00169247915142 25.0 -6.260395920197792e-15
circle 349.39179006152466 175.00050998510437 25.0 8.501929814039272e-15
circle 521.3732119661347 206.30665866169423 25.0 1.2192206896245502e-14
dot 200.0 425.0 5.0
dot 198.92619055676388 174.98226048472074 5.0
line 200.0 425.0 198.92619055676388 174.98226048472074
dot 250.0 425.0 5.0
dot 249.01240984801663 175.001714146098 5.0
line 250.0 425.0 249.01240984801663 175.001714146098
dot 300.0 425.0 5.0
dot 299.01913657250833 175.00169247915142 5.0
line 300.0 425.0 299.01913657250833 175.00169247915142
dot 350.0 425.0 5.0
dot 349.39179006152466 175.00050998510437 5.0
line 350.0 425.0 349.39179006152466 175.00050998510437
dot 400.0 425.0 5.0
dot 521.3732119661347 206.30665866169423 5.0
line 400.0 425.0 521.3732119661347 206.30665866169423
frame 94
circle 198.89358541716607 174.98363043113565 25.0 -7.762543841811547e-15
circle 248.97283452986625 175.00188780173914 25.0 -1.0151436137749698e-14
circle 298.9787978987783 175.00186788007645 25.0 -6.4127763864585114e-15
circle 349.36862781250744 175.0005813847721 25.0 8.711701631105823e-15
circle 513.2507048271433 201.98165428627055 25.0 1.249336679735628e-14
dot 200.0 425.0 5.0
dot 198.89358541716607 174.98363043113565 5.0
line 200.0 425.0 198.89358541716607 174.98363043113565
dot 250.0 425.0 5.0
dot 248.97283452986625 175.00188780173914 5.0
line 250.0 425.0 248.97283452986625 175.00188780173914
dot 300.0 425.0 5.0
dot 298.9787978987783 175.00186788007645 5.0
line 300.0 425.0 298.9787978987783 175.00186788007645
dot 350.0 425.0 5.0
dot 349.36862781250744 175.0005813847721 5.0
line 350.0 425.0 349.36862781250744 175.0005813847721
dot 400.0 425.0 5.0
dot 513.2507048271433 201.98165428627055 5.0
line 400.0 425.0 513.2507048271433 201.98165428627055
frame 95
circle 198.86532726140743 174.98490970274247 25.0 -7.947840398071588e-15
circle 248.93729638745364 175.00204971828214 25.0 -1.0391922764049497e-14
circle 298.94247306364304 175.00203198828004 25.0 -6.565141538740163e-15
circle 349.3479469982169 175.0006476109242 25.0 8.921452366459643e-15
circle 504.57266956775277 197.77179462898235 25.0 1.2794496432406486e-14
dot 200.0 425.0 5.0
dot 198.86532726140743 174.98490970274247 5.0
line 200.0 425.0 198.86532726140743 174.98490970274247
dot 250.0 425.0 5.0
dot 248.93729638745364 175.00204971828214 5.0
line 250.0 425.0 248.93729638745364 175.00204971828214
dot 300.0 425.0 5.0
dot 298.94247306364304 175.00203198828004 5.0
line 300.0 425.0 298.94247306364304 175.00203198828004
dot 350.0 425.0 5.0
dot 349.3479469982169 175.0006476109242 5.0
line 350.0 425.0 349.3479469982169 175.0006476109242
dot 400.0 425.0 5.0
dot 504.57266956775277 197.77179462898235 5.0
line 400.0 425.0 504.57266956775277 197.77179462898235
frame 96
circle 198.84152662674703 174.98610091108955 25.0 -8.133118332341201e-15
circle 248.90593454970968 175.0021976100799 25.0 -1.06323852218502e-14
circle 298.91030428730824 175.0021824780824 25.0 -6.717491378581774e-15
circle 349.3298285719144 175.00070788004567 25.0 9.13118202221941e-15
circle 495.3612048221172 193.74256482308155 25.0 1.3095595804437806e-14
dot 200.0 425.0 5.0
dot 198.84152662674703 174.98610091108955 5.0
line 200.0 425.0 198.84152662674703 174.98610091108955
dot 250.0 425.0 5.0
dot 248.90593454970968 175.0021976100799 5.0
line 250.0 425.0 248.90593454970968 175.0021976100799
dot 300.0 425.0 5.0
dot 298.91030428730824 175.0021824780824 5.0
line 300.0 425.0 298.91030428730824 175.0021824780824
dot 350.0 425.0 5.0
dot 349.3298285719144 175.00070788004567 5.0
line 350.0 425.0 349.3298285719144 175.00070788004567
dot 400.0 425.0 5.0
dot 495.3612048221172 193.74256482308155 5.0
line 400.0 425.0 495.3612048221172 193.74256482308155
frame 97
circle 198.8222765392358 174.98720666027165 25.0 -8.318377646491864e-15
circle 248.87887173342753 175.00232939639227 25.0 -1.0872823513580695e-14
circle 298.8824174569806 175.00231722268327 25.0 -6.86982590752222e-15
circle 349.3143434174811 175.0007614866021 25.0 9.340890600503582e-15
circle 485.64547241573604 189.95815567082178 25.0 1.3396664916491629e-14
dot 200.0 425.0 5.0
dot 198.8222765392358 174.98720666027165 5.0
line 200.0 425.0 198.8222765392358 174.98720666027165
dot 250.0 425.0 5.0
dot 248.87887173342753 175.00232939639227 5.0
line 250.0 425.0 248.87887173342753 175.00232939639227
dot 300.0 425.0 5.0
dot 298.8824174569806 175.00231722268327 5.0
line 300.0 425.0 298.8824174569806 175.00231722268327
dot 350.0 425.0 5.0
dot 349.3143434174811 175.0007614866021 5.0
line 350.0 425.0 349.3143434174811 175.0007614866021
dot 400.0 425.0 5.0
dot 485.64547241573604 189.95815567082178 5.0
line 400.0 425.0 485.64547241573604 189.95815567082178
frame 98
circle 198.8076521500208 174.9882295911436 25.0 -8.503618342394868e-15
circle 248.856213763308 175.00244323494658 25.0 -1.1113237641669635e-14
circle 298.85892163445936 175.00243432842584 25.0 -7.022145127100222e-15
circle 349.30155207215466 175.00080781505193 25.0 9.550578103430415e-15
circle 475.46185862828577 186.48019890831156 25.0 1.3697703771609025e-14
dot 200.0 425.0 5.0
dot 198.8076521500208 174.9882295911436 5.0
line 200.0 425.0 198.8076521500208 174.9882295911436
dot 250.0 425.0 5.0
dot 248.856213763308 175.00244323494658 5.0
line 250.0 425.0 248.856213763308 175.00244323494658
dot 300.0 425.0 5.0
dot 298.85892163445936 175.00243432842584 5.0
line 300.0 425.0 298.85892163445936 175.00243432842584
dot 350.0 425.0 5.0
dot 349.30155207215466 175.00080781505193 5.0
line 350.0 425.0 349.30155207215466 175.00080781505193
dot 400.0 425.0 5.0
dot 475.46185862828577 186.48019890831156 5.0
line 400.0 425.0 475.46185862828577 186.48019890831156
frame 99
circle 198.79771044187723 174.98917241973768 25.0 -8.68884042192132e-15
circle 248.83804915836348 175.00253755169115 25.0 -1.1353627608545426e-14
circle 298.8399086298277 175.00253216533784 25.0 -7.174449038854342e-15
circle 349.2915044899143 175.00084635038576 25.0 9.760244533117945e-15
circle 464.85391539635606 183.36647038602436 25.0 1.3998712372830766e-14
dot 200.0 425.0 5.0
dot 198.79771044187723 174.98917241973768 5.0
line 200.0 425.0 198.79771044187723 174.98917241973768
dot 250.0 425.0 5.0
dot 248.83804915836348 175.00253755169115 5.0
line 250.0 425.0 248.83804915836348 175.00253755169115
dot 300.0 425.0 5.0
dot 298.8399086298277 175.00253216533784 5.0
line 300.0 425.0 298.8399086298277 175.00253216533784
dot 350.0 425.0 5.0
dot 349.2915044899143 175.00084635038576 5.0
line 350.0 425.0 349.2915044899143 175.00084635038576
dot 400.0 425.0 5.0
dot 464.85391539635606 183.36647038602436 5.0
line 400.0 425.0 464.85391539635606 183.36647038602436
frame 100
circle 198.79249000710576 174.9900379696014 25.0 -8.87404388694213e-15
circle 248.82444878628948 175.0026110662799 25.0 -1.1593993416636226e-14
circle 298.8254526429024 175.002609393476 25.0 -7.326737644322992e-15
circle 349.28423984643996 175.0008766870312 25.0 9.969889891683996e-15
circle 453.8720683875754 180.66960381375907 25.0 1.4299690723197318e-14
dot 200.0 425.0 5.0
dot 198.79249000710576 174.9900379696014 5.0
line 200.0 425.0 198.79249000710576 174.9900379696014
dot 250.0 425.0 5.0
dot 248.82444878628948 175.0026110662799 5.0
line 250.0 425.0 248.82444878628948 175.0026110662799
dot 300.0 425.0 5.0
dot 298.8254526429024 175.002609393476 5.0
line 300.0 425.0 298.8254526429024 175.002609393476
dot 350.0 425.0 5.0
dot 349.28423984643996 175.0008766870312 5.0
line 350.0 425.0 349.28423984643996 175.0008766870312
dot 400.0 425.0 5.0
dot 453.8720683875754 180.66960381375907 5.0
line 400.0 425.0 453.8720683875754 180.66960381375907
frame 101
circle 198.79201089765147 174.99082919785002 25.0 -9.059228739328023e-15
circle 248.81546558714692 175.00266281289205 25.0 -1.1834335068369957e-14
circle 298.8156099738355 175.00266498466436 25.0 -7.47901094504443e-15
circle 349.279786386405 175.00089853598655 25.0 1.0179514181246176e-14
circle 442.5730890092379 178.43586169595156 25.0 1.4600638825748837e-14
dot 200.0 425.0 5.0
dot 198.79201089765147 174.99082919785002 5.0
line 200.0 425.0 198.79201089765147 174.99082919785002
dot 250.0 425.0 5.0
dot 248.81546558714692 175.00266281289205 5.0
line 250.0 425.0 248.81546558714692 175.00266281289205
dot 300.0 425.0 5.0
dot 298.8156099738355 175.00266498466436 5.0
line 300.0 425.0 298.8156099738355 175.00266498466436
dot 350.0 425.0 5.0
dot 349.279786386405 175.00089853598655 5.0
line 350.0 425.0 349.279786386405 175.00089853598655
dot 400.0 425.0 5.0
dot 442.5730890092379 178.43586169595156 5.0
line 400.0 425.0 442.5730890092379 178.43586169595156
frame 102
circle 198.79627454802184 174.99154921480695 25.0 -9.244394980949539e-15
circle 248.81044643881248 175.00269542731246 25.0 -1.2074666999251687e-14
circle 298.8111067326038 175.00269496796435 25.0 -7.631283375634154e-15
circle 349.27816131369605 175.00091173007627 25.0 1.0389117403921891e-14
circle 431.01933864379447 176.7040115253264 25.0 1.4901556683525182e-14
dot 200.0 425.0 5.0
dot 198.79627454802184 174.99154921480695 5.0
line 200.0 425.0 198.79627454802184 174.99154921480695
dot 250.0 425.0 5.0
dot 248.81044643881248 175.00269542731246 5.0
line 250.0 425.0 248.81044643881248 175.00269542731246
dot 300.0 425.0 5.0
dot 298.8111067326038 175.00269496796435 5.0
line 300.0 425.0 298.8111067326038 175.00269496796435
dot 350.0 425.0 5.0
dot 349.27816131369605 175.00091173007627 5.0
line 350.0 425.0 349.27816131369605 175.00091173007627
dot 400.0 425.0 5.0
dot 431.01933864379447 176.7040115253264 5.0
line 400.0 425.0 431.01933864379447 176.7040115253264
frame 103
circle 198.80526377129374 174.9922012971894 25.0 -9.42954261367703e-15
circle 248.8099265372814 175.00270615075357 25.0 -1.2314978385268979e-14
circle 298.81144417595135 175.00270144825606 25.0 -7.783544111190243e-15
circle 349.279370724986 175.0009162272479 25.0 1.0598699561828325e-14
circle 419.27780501670225 175.5043538667075 25.0 1.5202444299565905e-14
dot 200.0 425.0 5.0
dot 198.80526377129374 174.9922012971894 5.0
line 200.0 425.0 198.80526377129374 174.9922012971894
dot 250.0 425.0 5.0
dot 248.8099265372814 175.00270615075357 5.0
line 250.0 425.0 248.8099265372814 175.00270615075357
dot 300.0 425.0 5.0
dot 298.81144417595135 175.00270144825606 5.0
line 300.0 425.0 298.81144417595135 175.00270144825606
dot 350.0 425.0 5.0
dot 349.279370724986 175.0009162272479 5.0
line 350.0 425.0 349.279370724986 175.0009162272479
dot 400.0 425.0 5.0
dot 419.27780501670225 175.5043538667075 5.0
line 400.0 425.0 419.27780501670225 175.5043538667075
frame 104
circle 198.8141798182676 174.99281146012697 25.0 -9.614866806362214e-15
circle 248.81710720217035 175.0026798006004 25.0 -1.2555406367522952e-14
circle 298.8181837723364 175.00267707411115 25.0 -7.93573512494287e-15
circle 349.2834095869166 175.00091211186245 25.0 1.0808260657082454e-14
circle 407.4189617786599 174.85794453022928 25.0 1.550330167691024e-14
dot 200.0 425.0 5.0
dot 198.8141798182676 174.99281146012697 5.0
line 200.0 425.0 198.8141798182676 174.99281146012697
dot 250.0 425.0 5.0
dot 248.81710720217035 175.0026798006004 5.0
line 250.0 425.0 248.81710720217035 175.0026798006004
dot 300.0 425.0 5.0
dot 298.8181837723364 175.00267707411115 5.0
line 300.0 425.0 298.8181837723364 175.00267707411115
dot 350.0 425.0 5.0
dot 349.2834095869166 175.00091211186245 5.0
line 350.0 425.0 349.2834095869166 175.00091211186245
dot 400.0 425.0 5.0
dot 407.4189617786599 174.85794453022928 5.0
line 400.0 425.0 407.4189617786599 174.85794453022928
frame 105
circle 198.82298795422247 174.99338247245214 25.0 -9.800367531453894e-15
circle 247.631656219202 175.0082393664141 25.0 -1.2758313969790286e-14
circle 297.6445085693343 175.0081842619661 25.0 -8.093140763969494e-15
circle 348.1030643425946 175.00430370742075 25.0 1.1055212610552297e-14
circle 399.08958240311915 174.74596054334418 25.0 1.5884462032117316e-14
dot 200.0 425.0 5.0
dot 198.82298795422247 174.99338247245214 5.0
line 200.0 425.0 198.82298795422247 174.99338247245214
dot 250.0 425.0 5.0
dot 247.631656219202 175.0082393664141 5.0
line 250.0 425.0 247.631656219202 175.0082393664141
dot 300.0 425.0 5.0
dot 297.6445085693343 175.0081842619661 5.0
line 300.0 425.0 297.6445085693343 175.0081842619661
dot 350.0 425.0 5.0
dot 348.1030643425946 175.00430370742075 5.0
line 350.0 425.0 348.1030643425946 175.00430370742075
dot 400.0 425.0 5.0
dot 399.08958240311915 174.74596054334418 5.0
line 400.0 425.0 399.08958240311915 174.74596054334418
line 221.82298688870654 175.0003834531681 224.63165728471793 175.00123838569814
end
